id	일시	평균기온	최저기온	최고기온	강수_계속시간	일강수량
1	2020-01-01	-2.2	-6.5	0.3	9.83	0.1
2	2020-01-02	1.0	-0.7	3.8	0.0	0.0
3	2020-01-03	-0.1	-3.4	4.6	0.0	0.0
4	2020-01-04	1.2	-2.8	6.1	0.0	0.0
5	2020-01-05	1.3	-3.2	6.6	0.0	0.0
6	2020-01-06	3.1	0.6	4.6	14.33	1.8
7	2020-01-07	6.3	4.2	7.7	24.0	46.3
8	2020-01-08	2.4	-0.4	8.9	9.5	11.6
9	2020-01-09	-1.2	-3.1	2.0	0.0	0.0
10	2020-01-10	-0.6	-4.3	4.2	0.0	0.0
11	2020-01-11	-0.1	-2.6	3.9	0.0	0.0
12	2020-01-12	-1.0	-3.5	2.8	0.0	0.0
13	2020-01-13	-2.9	-4.7	0.2	0.0	0.0
14	2020-01-14	-2.3	-5.7	2.6	0.0	0.0
15	2020-01-15	-2.7	-6.4	2.2	0.0	0.0
16	2020-01-16	-1.7	-5.5	3.2	0.0	0.0
17	2020-01-17	-0.6	-4.8	4.9	0.0	0.0
18	2020-01-18	0.3	-4.1	5.9	0.0	0.0
19	2020-01-19	1.9	-0.4	5.3	1.58	0.6
20	2020-01-20	0.7	-3.3	5.5	0.0	0.0
21	2020-01-21	-0.4	-5.6	5.5	0.0	0.0
22	2020-01-22	3.0	-0.1	7.8	0.0	0.0
23	2020-01-23	4.6	0.0	9.9	0.0	0.0
24	2020-01-24	2.8	-1.3	7.4	0.0	0.0
25	2020-01-25	4.3	0.6	8.8	0.0	0.0
26	2020-01-26	5.5	-0.2	11.9	0.0	0.0
27	2020-01-27	5.9	4.8	7.5	6.92	0.1
28	2020-01-28	6.8	4.3	9.9	2.67	0.0
29	2020-01-29	6.0	3.2	9.6	0.0	0.0
30	2020-01-30	5.2	1.4	10.4	0.0	0.0
31	2020-01-31	3.9	1.4	8.9	0.17	0.0
32	2020-02-01	2.6	-1.2	7.6	0.0	0.0
33	2020-02-02	1.5	-2.1	5.3	0.0	0.0
34	2020-02-03	-0.4	-2.9	3.0	3.08	0.0
35	2020-02-04	-1.6	-6.0	3.9	7.25	1.7
36	2020-02-05	-8.3	-11.0	-4.9	0.0	0.0
37	2020-02-06	-6.4	-11.8	0.4	0.0	0.0
38	2020-02-07	-1.7	-7.2	2.2	0.58	0.0
39	2020-02-08	-0.1	-2.3	3.7	0.17	0.0
40	2020-02-09	-0.5	-5.6	4.1	0.08	0.0
41	2020-02-10	4.0	-0.7	9.6	0.92	0.0
42	2020-02-11	6.8	-0.5	14.6	0.0	0.0
43	2020-02-12	7.4	6.5	8.2	20.58	6.7
44	2020-02-13	6.5	4.9	8.7	0.0	0.0
45	2020-02-14	8.1	3.2	14.7	0.0	0.0
46	2020-02-15	9.8	6.2	15.6	4.25	2.0
47	2020-02-16	-1.4	-4.3	7.7	17.0	13.4
48	2020-02-17	-5.9	-7.1	-3.9	14.75	1.0
49	2020-02-18	-4.1	-8.3	1.3	0.0	0.0
50	2020-02-19	1.0	-4.4	6.4	0.0	0.0
51	2020-02-20	4.6	-0.6	10.8	0.0	0.0
52	2020-02-21	6.7	2.1	10.9	4.92	4.2
53	2020-02-22	4.0	0.0	7.9	3.83	3.1
54	2020-02-23	2.5	-2.5	8.0	0.0	0.0
55	2020-02-24	7.0	0.8	12.2	0.0	0.0
56	2020-02-25	6.7	4.7	9.4	12.58	16.6
57	2020-02-26	6.4	2.8	10.4	0.42	0.0
58	2020-02-27	6.1	1.3	12.5	0.0	0.0
59	2020-02-28	4.5	3.6	5.9	13.83	3.9
60	2020-02-29	7.7	4.5	13.0	5.17	0.5
61	2020-03-01	5.8	3.2	10.1	4.5	0.2
62	2020-03-02	3.4	0.0	7.6	0.33	0.0
63	2020-03-03	4.8	0.3	10.5	0.0	0.0
64	2020-03-04	2.2	-1.3	4.6	1.5	0.0
65	2020-03-05	1.4	-2.8	6.3	0.0	0.0
66	2020-03-06	3.7	-2.5	10.1	0.0	0.0
67	2020-03-07	7.0	1.3	14.2	0.0	0.0
68	2020-03-08	9.3	2.3	16.9	0.0	0.0
69	2020-03-09	11.1	4.8	17.6	0.0	0.0
70	2020-03-10	6.4	3.2	10.8	18.67	11.8
71	2020-03-11	3.8	0.0	8.3	0.0	0.0
72	2020-03-12	6.8	0.2	13.3	0.0	0.0
73	2020-03-13	4.9	-0.1	8.7	2.25	0.5
74	2020-03-14	3.6	-2.7	8.6	0.0	0.0
75	2020-03-15	4.0	0.2	8.5	0.0	0.0
76	2020-03-16	3.6	-2.1	9.1	0.0	0.0
77	2020-03-17	6.6	3.1	12.3	0.0	0.0
78	2020-03-18	10.0	2.7	17.0	0.0	0.0
79	2020-03-19	9.1	5.8	12.1	0.33	0.0
80	2020-03-20	8.8	3.1	14.0	0.0	0.0
81	2020-03-21	12.8	7.9	19.5	0.0	0.0
82	2020-03-22	11.0	6.1	16.5	0.0	0.0
83	2020-03-23	10.6	5.4	17.0	0.0	0.0
84	2020-03-24	11.4	5.3	17.9	0.0	0.0
85	2020-03-25	12.5	6.1	19.2	0.0	0.0
86	2020-03-26	14.8	8.1	20.6	4.92	1.8
87	2020-03-27	11.9	6.7	15.8	5.92	2.0
88	2020-03-28	7.7	4.5	12.8	0.0	0.0
89	2020-03-29	8.7	1.3	16.1	0.0	0.0
90	2020-03-30	10.2	4.3	16.9	0.0	0.0
91	2020-03-31	11.9	4.7	18.6	0.0	0.0
92	2020-04-01	11.3	6.0	17.4	0.0	0.0
93	2020-04-02	9.3	3.4	15.5	0.0	0.0
94	2020-04-03	10.0	5.3	16.3	0.0	0.0
95	2020-04-04	8.9	5.0	13.3	0.0	0.0
96	2020-04-05	7.2	1.9	13.7	0.0	0.0
97	2020-04-06	9.3	2.9	16.1	0.0	0.0
98	2020-04-07	10.6	6.0	16.8	0.0	0.0
99	2020-04-08	9.4	5.2	14.2	0.0	0.0
100	2020-04-09	8.9	4.3	14.7	0.0	0.0
101	2020-04-10	10.7	5.8	16.8	0.0	0.0
102	2020-04-11	9.9	6.2	16.0	0.0	0.0
103	2020-04-12	9.9	4.4	15.6	0.0	0.0
104	2020-04-13	12.4	4.3	20.4	0.0	0.0
105	2020-04-14	13.0	7.6	19.6	0.0	0.0
106	2020-04-15	13.2	7.2	20.2	0.0	0.0
107	2020-04-16	16.0	8.9	23.8	0.0	0.0
108	2020-04-17	12.5	10.4	15.4	9.5	6.5
109	2020-04-18	13.5	8.5	19.6	0.0	0.0
110	2020-04-19	12.3	9.5	15.5	9.0	10.3
111	2020-04-20	10.0	7.6	13.1	2.33	0.1
112	2020-04-21	7.4	4.8	10.4	0.0	0.0
113	2020-04-22	6.0	4.1	8.3	2.33	0.0
114	2020-04-23	7.9	2.9	12.8	0.0	0.0
115	2020-04-24	9.9	4.1	14.3	0.0	0.0
116	2020-04-25	13.1	9.9	17.1	0.0	0.0
117	2020-04-26	12.3	6.8	19.0	0.0	0.0
118	2020-04-27	12.9	8.7	18.3	0.0	0.0
119	2020-04-28	13.9	7.8	19.9	0.0	0.0
120	2020-04-29	14.9	9.3	21.0	0.0	0.0
121	2020-04-30	17.1	9.3	23.4	0.0	0.0
122	2020-05-01	20.2	16.4	26.2	0.0	0.0
123	2020-05-02	20.3	18.0	23.9	0.67	0.0
124	2020-05-03	21.8	17.0	27.4	1.08	0.0
125	2020-05-04	20.2	14.8	25.3	0.0	0.0
126	2020-05-05	16.0	13.1	19.3	0.0	0.0
127	2020-05-06	19.4	11.1	27.6	0.0	0.0
128	2020-05-07	20.7	14.9	26.5	0.0	0.0
129	2020-05-08	19.9	14.3	27.3	6.17	2.3
130	2020-05-09	14.2	12.7	16.8	24.0	24.4
131	2020-05-10	14.4	12.8	16.6	8.42	1.3
132	2020-05-11	16.5	12.4	22.0	3.0	3.4
133	2020-05-12	14.3	10.5	18.9	0.83	0.7
134	2020-05-13	16.1	10.2	21.8	0.0	0.0
135	2020-05-14	19.3	12.4	25.4	0.0	0.0
136	2020-05-15	16.1	14.1	20.2	20.75	12.0
137	2020-05-16	16.7	15.0	20.3	12.67	2.5
138	2020-05-17	19.1	14.6	24.9	1.0	0.0
139	2020-05-18	19.1	13.2	26.8	7.0	29.8
140	2020-05-19	13.0	10.1	17.1	6.42	19.0
141	2020-05-20	14.4	9.2	20.1	0.58	0.0
142	2020-05-21	17.4	10.9	22.9	0.0	0.0
143	2020-05-22	18.5	14.8	22.7	0.5	0.0
144	2020-05-23	20.1	16.6	25.0	0.67	0.0
145	2020-05-24	17.1	14.3	20.2	9.75	14.5
146	2020-05-25	16.6	13.7	21.3	0.0	0.0
147	2020-05-26	16.2	12.7	22.9	2.67	1.5
148	2020-05-27	17.4	11.8	23.9	0.0	0.0
149	2020-05-28	18.7	14.2	23.4	0.25	0.0
150	2020-05-29	20.7	14.6	27.6	0.0	0.0
151	2020-05-30	22.6	16.5	30.0	0.0	0.0
152	2020-05-31	21.2	17.6	28.0	1.92	1.0
153	2020-06-01	19.7	16.6	24.5	3.75	0.4
154	2020-06-02	17.9	14.8	21.8	1.83	2.0
155	2020-06-03	22.0	17.6	28.4	0.0	0.0
156	2020-06-04	21.9	19.7	26.5	6.75	0.2
157	2020-06-05	23.0	18.4	28.7	0.0	0.0
158	2020-06-06	24.6	19.2	30.9	0.0	0.0
159	2020-06-07	22.7	19.2	29.2	0.0	0.0
160	2020-06-08	25.0	19.8	32.0	0.0	0.0
161	2020-06-09	26.7	20.3	32.8	0.0	0.0
162	2020-06-10	25.8	22.5	32.1	6.58	6.2
163	2020-06-11	26.1	21.7	31.6	0.42	0.0
164	2020-06-12	24.7	21.6	27.6	0.0	0.0
165	2020-06-13	26.9	20.6	33.5	0.5	0.0
166	2020-06-14	24.0	20.1	28.8	3.83	1.1
167	2020-06-15	23.0	18.2	28.6	0.0	0.0
168	2020-06-16	24.4	20.0	30.7	0.0	0.0
169	2020-06-17	24.3	20.2	30.3	0.0	0.0
170	2020-06-18	23.4	20.3	27.3	0.0	0.0
171	2020-06-19	24.7	21.1	30.0	1.83	0.1
172	2020-06-20	24.9	20.7	29.7	0.0	0.0
173	2020-06-21	26.1	19.5	32.7	0.0	0.0
174	2020-06-22	28.6	21.7	35.4	0.0	0.0
175	2020-06-23	27.3	23.2	31.0	0.5	0.0
176	2020-06-24	22.3	19.9	26.3	19.17	37.6
177	2020-06-25	21.6	20.1	23.4	15.33	13.3
178	2020-06-26	21.8	19.2	25.7	5.83	2.1
179	2020-06-27	24.1	20.4	29.6	0.75	0.0
180	2020-06-28	25.2	21.5	30.1	0.0	0.0
181	2020-06-29	23.8	20.6	26.5	5.08	11.9
182	2020-06-30	20.1	18.4	23.1	18.42	64.7
183	2020-07-01	21.1	18.1	24.3	2.17	0.0
184	2020-07-02	24.2	20.4	29.8	0.0	0.0
185	2020-07-03	25.5	21.6	30.6	1.92	0.1
186	2020-07-04	24.2	20.4	29.5	4.83	1.6
187	2020-07-05	23.8	19.9	27.6	0.0	0.0
188	2020-07-06	25.6	21.8	30.9	0.0	0.0
189	2020-07-07	24.1	22.1	28.1	1.25	0.0
190	2020-07-08	25.5	21.3	30.4	0.0	0.0
191	2020-07-09	27.5	21.8	32.9	0.0	0.0
192	2020-07-10	24.5	22.7	27.7	4.67	2.2
193	2020-07-11	25.8	22.2	30.2	0.0	0.0
194	2020-07-12	23.5	21.7	26.0	5.42	2.9
195	2020-07-13	18.7	17.7	21.7	22.92	47.6
196	2020-07-14	20.3	17.2	24.3	9.83	11.5
197	2020-07-15	23.4	18.9	28.7	0.0	0.0
198	2020-07-16	25.0	20.4	29.7	0.0	0.0
199	2020-07-17	26.0	21.5	31.6	0.58	0.0
200	2020-07-18	26.1	22.8	31.0	0.0	0.0
201	2020-07-19	24.0	20.6	26.6	5.67	29.1
202	2020-07-20	23.8	22.4	26.6	10.33	3.6
203	2020-07-21	25.0	21.4	30.5	0.83	0.0
204	2020-07-22	23.7	22.6	25.7	11.17	11.5
205	2020-07-23	21.1	18.5	22.6	22.67	103.1
206	2020-07-24	22.5	18.7	26.8	8.25	2.9
207	2020-07-25	24.3	22.3	29.0	0.5	0.0
208	2020-07-26	25.4	21.6	29.6	0.42	0.0
209	2020-07-27	24.3	22.9	25.5	16.92	2.2
210	2020-07-28	24.4	22.7	26.4	10.17	0.4
211	2020-07-29	23.7	22.6	24.9	18.17	50.1
212	2020-07-30	25.3	23.4	28.4	5.25	0.1
213	2020-07-31	26.2	22.8	29.6	2.42	1.5
214	2020-08-01	25.3	24.3	26.9	16.5	39.1
215	2020-08-02	24.9	23.5	26.4	23.25	31.4
216	2020-08-03	25.0	23.9	26.3	19.92	102.6
217	2020-08-04	27.0	25.0	29.4	11.67	3.9
218	2020-08-05	26.5	25.5	29.1	12.67	18.5
219	2020-08-06	24.1	22.9	26.0	12.33	75.7
220	2020-08-07	24.3	22.6	26.1	2.5	0.0
221	2020-08-08	24.2	22.7	26.1	10.42	19.1
222	2020-08-09	24.9	23.7	25.8	20.25	50.3
223	2020-08-10	26.5	24.7	29.5	17.67	44.6
224	2020-08-11	24.6	22.4	27.3	10.17	97.0
225	2020-08-12	27.2	23.5	31.3	0.0	0.0
226	2020-08-13	28.0	26.3	30.3	0.0	0.0
227	2020-08-14	27.1	26.5	28.0	2.92	0.4
228	2020-08-15	26.1	25.0	27.0	17.08	69.0
229	2020-08-16	27.4	25.3	30.8	0.0	0.0
230	2020-08-17	28.2	26.1	32.2	0.0	0.0
231	2020-08-18	27.5	24.0	31.9	0.0	0.0
232	2020-08-19	27.1	23.6	31.4	0.0	0.0
233	2020-08-20	27.7	25.0	31.7	0.0	0.0
234	2020-08-21	26.6	25.2	29.2	4.67	2.5
235	2020-08-22	24.3	21.7	27.6	6.25	42.6
236	2020-08-23	25.3	21.5	29.9	0.0	0.0
237	2020-08-24	27.8	23.7	32.0	0.0	0.0
238	2020-08-25	29.9	26.0	34.5	0.0	0.0
239	2020-08-26	30.2	27.0	34.5	4.75	0.6
240	2020-08-27	27.1	25.6	28.6	15.08	8.7
241	2020-08-28	27.3	26.0	29.7	9.25	13.6
242	2020-08-29	26.8	25.5	29.0	9.5	13.6
243	2020-08-30	26.8	24.4	30.6	11.08	42.5
244	2020-08-31	26.4	23.8	30.0	0.17	0.0
245	2020-09-01	26.6	23.8	29.5	0.75	0.0
246	2020-09-02	24.3	22.6	26.4	20.08	33.3
247	2020-09-03	22.7	20.0	25.6	11.0	29.8
248	2020-09-04	23.3	19.9	27.5	0.0	0.0
249	2020-09-05	23.3	19.2	27.3	0.0	0.0
250	2020-09-06	21.7	19.5	24.4	8.58	6.4
251	2020-09-07	19.2	17.5	20.6	24.0	61.0
252	2020-09-08	23.4	20.6	26.5	1.0	0.0
253	2020-09-09	21.1	19.0	25.3	4.83	1.3
254	2020-09-10	22.8	18.8	27.0	2.25	3.9
255	2020-09-11	22.4	19.2	27.1	7.83	1.2
256	2020-09-12	20.2	18.1	23.2	18.58	5.7
257	2020-09-13	21.5	16.7	26.6	0.0	0.0
258	2020-09-14	21.3	17.6	24.9	0.42	0.0
259	2020-09-15	23.0	18.9	27.7	0.0	0.0
260	2020-09-16	22.5	21.3	24.9	5.75	0.3
261	2020-09-17	21.3	20.1	23.6	0.0	0.0
262	2020-09-18	21.5	18.1	25.8	0.0	0.0
263	2020-09-19	21.2	17.6	26.2	1.0	0.3
264	2020-09-20	19.7	15.6	24.9	0.0	0.0
265	2020-09-21	19.1	13.6	25.3	0.0	0.0
266	2020-09-22	20.2	15.5	25.6	0.0	0.0
267	2020-09-23	19.2	15.2	23.8	0.0	0.0
268	2020-09-24	20.6	16.8	25.4	0.0	0.0
269	2020-09-25	20.1	16.6	25.4	0.0	0.0
270	2020-09-26	19.3	14.8	24.8	0.0	0.0
271	2020-09-27	20.4	14.9	25.8	0.0	0.0
272	2020-09-28	20.7	15.7	26.5	0.0	0.0
273	2020-09-29	19.6	15.3	23.9	0.0	0.0
274	2020-09-30	19.6	16.2	25.7	2.67	38.3
275	2020-10-01	18.8	15.6	23.6	0.0	0.0
276	2020-10-02	19.2	16.3	21.9	0.75	0.0
277	2020-10-03	19.9	18.3	23.2	1.08	0.0
278	2020-10-04	16.6	10.6	21.8	3.75	0.0
279	2020-10-05	13.3	8.5	18.4	0.0	0.0
280	2020-10-06	14.2	9.3	19.7	0.0	0.0
281	2020-10-07	16.0	9.9	22.0	0.0	0.0
282	2020-10-08	17.2	12.1	23.1	0.0	0.0
283	2020-10-09	17.2	12.4	23.3	0.0	0.0
284	2020-10-10	16.9	12.3	21.5	0.0	0.0
285	2020-10-11	16.9	12.7	20.8	0.0	0.0
286	2020-10-12	16.2	12.1	21.3	0.0	0.0
287	2020-10-13	13.6	8.6	18.4	0.0	0.0
288	2020-10-14	12.8	8.5	18.0	0.0	0.0
289	2020-10-15	11.7	6.5	18.5	0.0	0.0
290	2020-10-16	11.8	8.6	15.4	0.0	0.0
291	2020-10-17	13.1	8.7	18.6	0.0	0.0
292	2020-10-18	13.6	7.2	20.2	0.0	0.0
293	2020-10-19	15.1	9.8	21.3	0.0	0.0
294	2020-10-20	15.2	9.9	21.7	0.0	0.0
295	2020-10-21	14.1	11.8	17.3	0.0	0.0
296	2020-10-22	13.5	8.4	18.2	1.25	0.0
297	2020-10-23	8.6	5.4	13.3	0.0	0.0
298	2020-10-24	8.7	3.2	14.0	0.0	0.0
299	2020-10-25	11.8	5.4	18.2	0.0	0.0
300	2020-10-26	12.9	8.0	19.0	0.0	0.0
301	2020-10-27	14.0	9.0	19.4	0.0	0.0
302	2020-10-28	13.8	8.6	18.2	0.0	0.0
303	2020-10-29	10.8	5.5	16.1	0.0	0.0
304	2020-10-30	11.9	5.8	19.6	0.0	0.0
305	2020-10-31	13.6	8.5	18.2	0.0	0.0
306	2020-11-01	13.7	11.6	15.0	7.17	13.6
307	2020-11-02	10.8	7.9	15.6	2.33	1.7
308	2020-11-03	5.1	2.7	8.6	0.83	0.5
309	2020-11-04	4.9	0.2	10.8	0.0	0.0
310	2020-11-05	9.6	3.4	15.9	0.0	0.0
311	2020-11-06	13.5	9.9	17.2	0.0	0.0
312	2020-11-07	14.6	12.2	18.1	0.42	0.1
313	2020-11-08	8.5	3.1	12.4	0.0	0.0
314	2020-11-09	5.5	0.7	8.9	0.0	0.0
315	2020-11-10	7.7	3.5	12.9	0.0	0.0
316	2020-11-11	9.3	3.5	16.5	0.0	0.0
317	2020-11-12	10.4	4.6	17.7	0.0	0.0
318	2020-11-13	12.2	8.5	17.6	0.0	0.0
319	2020-11-14	12.5	6.8	19.3	0.0	0.0
320	2020-11-15	11.1	8.2	14.9	0.0	0.0
321	2020-11-16	12.4	7.5	18.3	0.0	0.0
322	2020-11-17	15.9	11.7	20.0	2.08	0.1
323	2020-11-18	16.6	14.8	18.7	10.83	12.2
324	2020-11-19	13.6	6.9	19.1	14.17	86.9
325	2020-11-20	2.8	0.3	7.0	4.5	0.0
326	2020-11-21	6.5	-0.3	12.8	1.67	0.2
327	2020-11-22	5.6	1.5	9.1	8.83	4.8
328	2020-11-23	1.7	-1.5	5.9	0.0	0.0
329	2020-11-24	2.9	0.2	6.4	0.0	0.0
330	2020-11-25	4.6	0.0	9.5	0.0	0.0
331	2020-11-26	5.6	1.9	10.9	0.0	0.0
332	2020-11-27	4.1	0.6	7.7	0.17	0.0
333	2020-11-28	-0.1	-2.3	2.8	0.0	0.0
334	2020-11-29	-0.6	-3.6	2.6	0.0	0.0
335	2020-11-30	-0.2	-3.6	4.3	0.0	0.0
336	2020-12-01	1.1	-3.6	6.7	0.0	0.0
337	2020-12-02	2.4	0.5	6.1	0.0	0.0
338	2020-12-03	0.7	-2.3	4.2	0.0	0.0
339	2020-12-04	-0.6	-4.6	4.4	0.0	0.0
340	2020-12-05	2.1	-2.2	6.6	0.0	0.0
341	2020-12-06	4.5	1.2	9.1	0.0	0.0
342	2020-12-07	3.4	-0.7	6.3	0.0	0.0
343	2020-12-08	-0.5	-3.5	4.1	0.0	0.0
344	2020-12-09	1.5	-4.1	6.2	0.0	0.0
345	2020-12-10	5.8	3.2	9.3	2.58	0.0
346	2020-12-11	5.3	2.6	9.4	0.0	0.0
347	2020-12-12	2.3	-0.3	6.1	0.0	0.0
348	2020-12-13	-1.1	-6.0	2.0	7.58	2.9
349	2020-12-14	-7.7	-9.7	-5.0	0.0	0.0
350	2020-12-15	-8.3	-11.1	-4.6	0.0	0.0
351	2020-12-16	-8.3	-11.2	-3.9	0.0	0.0
352	2020-12-17	-4.9	-11.1	0.8	1.08	0.0
353	2020-12-18	-2.1	-6.4	1.8	7.58	0.2
354	2020-12-19	-5.1	-9.6	-1.2	0.0	0.0
355	2020-12-20	-3.7	-8.2	1.1	0.0	0.0
356	2020-12-21	-1.0	-6.0	4.7	0.0	0.0
357	2020-12-22	2.0	-2.5	7.2	0.0	0.0
358	2020-12-23	4.5	-0.4	8.5	0.25	0.0
359	2020-12-24	2.6	-2.0	6.1	0.0	0.0
360	2020-12-25	-0.8	-4.7	3.5	0.0	0.0
361	2020-12-26	2.2	-2.1	8.0	0.0	0.0
362	2020-12-27	5.8	1.4	10.0	1.75	0.0
363	2020-12-28	6.7	4.2	11.4	1.33	1.3
364	2020-12-29	0.1	-6.2	4.3	6.25	0.2
365	2020-12-30	-10.9	-12.9	-6.2	0.0	0.0
366	2020-12-31	-8.9	-12.9	-5.0	0.33	0.0
367	2021-01-01	-4.2	-9.8	1.6	0.0	0.0
368	2021-01-02	-5.0	-8.4	-1.4	0.0	0.0
369	2021-01-03	-5.6	-9.1	-2.0	0.0	0.0
370	2021-01-04	-3.5	-8.4	0.3	2.33	0.0
371	2021-01-05	-5.5	-9.9	-2.1	5.42	0.0
372	2021-01-06	-7.4	-12.0	-1.9	5.33	2.3
373	2021-01-07	-14.5	-16.5	-8.4	0.0	0.0
374	2021-01-08	-14.9	-18.6	-10.7	0.0	0.0
375	2021-01-09	-12.2	-16.6	-7.5	0.0	0.0
376	2021-01-10	-7.7	-12.8	-2.7	0.0	0.0
377	2021-01-11	-6.7	-9.6	-4.0	0.0	0.0
378	2021-01-12	-3.9	-9.3	-0.5	7.5	2.6
379	2021-01-13	2.0	-3.0	8.3	0.67	0.0
380	2021-01-14	1.7	-3.6	7.0	0.0	0.0
381	2021-01-15	4.5	-0.7	9.9	0.42	0.2
382	2021-01-16	-4.9	-8.7	-0.7	0.0	0.0
383	2021-01-17	-5.5	-10.8	-1.3	5.25	0.0
384	2021-01-18	-3.8	-9.1	0.2	5.42	0.3
385	2021-01-19	-6.3	-11.6	-0.2	0.0	0.0
386	2021-01-20	-0.1	-6.6	7.1	0.0	0.0
387	2021-01-21	4.5	2.5	7.0	10.25	9.2
388	2021-01-22	5.5	4.8	6.6	2.0	0.1
389	2021-01-23	7.6	4.8	12.2	0.0	0.0
390	2021-01-24	7.3	2.4	13.9	0.0	0.0
391	2021-01-25	7.9	3.0	13.9	0.0	0.0
392	2021-01-26	5.3	1.7	7.4	6.92	1.7
393	2021-01-27	1.7	-1.8	6.5	0.0	0.0
394	2021-01-28	-2.6	-9.7	1.4	1.33	2.0
395	2021-01-29	-8.8	-11.6	-4.9	0.0	0.0
396	2021-01-30	-1.6	-8.1	5.2	4.5	0.5
397	2021-01-31	3.2	-3.8	8.7	0.0	0.0
398	2021-02-01	5.0	-2.3	9.5	0.83	0.7
399	2021-02-02	-5.6	-8.2	-2.4	3.83	0.0
400	2021-02-03	-3.2	-9.4	1.4	6.5	3.4
401	2021-02-04	-3.6	-7.4	0.7	1.33	0.1
402	2021-02-05	1.4	-4.4	6.7	0.0	0.0
403	2021-02-06	6.8	4.3	9.5	0.0	0.0
404	2021-02-07	3.6	-2.6	7.7	0.0	0.0
405	2021-02-08	-3.1	-5.4	0.2	0.0	0.0
406	2021-02-09	-0.9	-6.1	4.7	0.0	0.0
407	2021-02-10	3.4	-1.5	7.2	0.0	0.0
408	2021-02-11	5.5	1.3	10.9	0.0	0.0
409	2021-02-12	6.5	0.6	14.0	0.0	0.0
410	2021-02-13	7.6	1.0	15.9	0.0	0.0
411	2021-02-14	9.5	6.4	13.8	0.17	0.0
412	2021-02-15	1.2	-5.2	8.2	5.5	1.4
413	2021-02-16	-5.1	-7.0	-1.3	5.55	1.5
414	2021-02-17	-8.3	-10.4	-5.2	0.67	0.0
415	2021-02-18	-5.8	-10.6	-0.4	0.0	0.0
416	2021-02-19	1.6	-7.1	8.9	0.0	0.0
417	2021-02-20	8.8	5.5	14.9	0.0	0.0
418	2021-02-21	10.8	4.7	17.4	0.0	0.0
419	2021-02-22	7.8	0.4	12.6	0.0	0.0
420	2021-02-23	0.0	-3.1	4.3	0.0	0.0
421	2021-02-24	2.9	-3.0	10.1	0.0	0.0
422	2021-02-25	4.2	0.7	8.2	0.0	0.0
423	2021-02-26	8.2	0.5	15.8	0.0	0.0
424	2021-02-27	9.5	4.3	16.2	0.0	0.0
425	2021-02-28	7.8	3.2	10.8	0.0	0.0
426	2021-03-01	4.7	0.5	9.0	22.92	67.5
427	2021-03-02	2.3	0.2	6.9	1.33	0.1
428	2021-03-03	4.4	-1.2	9.9	0.0	0.0
429	2021-03-04	7.2	2.5	13.0	0.0	0.0
430	2021-03-05	9.0	3.0	16.2	0.0	0.0
431	2021-03-06	6.6	3.2	11.6	0.0	0.0
432	2021-03-07	6.2	2.1	12.2	0.0	0.0
433	2021-03-08	7.0	1.5	13.9	0.0	0.0
434	2021-03-09	6.6	2.1	12.2	0.0	0.0
435	2021-03-10	8.8	1.7	17.1	0.0	0.0
436	2021-03-11	10.2	4.7	17.1	0.0	0.0
437	2021-03-12	10.5	7.2	14.9	2.75	0.0
438	2021-03-13	9.2	4.6	14.2	0.0	0.0
439	2021-03-14	9.1	4.9	14.7	0.0	0.0
440	2021-03-15	10.6	5.1	15.7	1.25	1.7
441	2021-03-16	8.4	4.9	13.1	2.42	1.3
442	2021-03-17	8.8	1.8	17.5	0.0	0.0
443	2021-03-18	11.7	5.0	18.4	0.0	0.0
444	2021-03-19	15.3	11.4	20.2	0.0	0.0
445	2021-03-20	9.9	7.4	14.7	10.5	5.1
446	2021-03-21	5.8	3.1	8.6	1.5	0.3
447	2021-03-22	6.2	1.1	11.1	0.0	0.0
448	2021-03-23	9.1	2.5	16.4	0.0	0.0
449	2021-03-24	10.8	5.7	16.9	0.0	0.0
450	2021-03-25	11.9	6.8	19.0	0.0	0.0
451	2021-03-26	12.6	4.8	20.6	0.0	0.0
452	2021-03-27	12.1	10.2	15.0	13.08	25.5
453	2021-03-28	9.0	7.7	13.0	15.0	9.2
454	2021-03-29	10.2	7.3	14.6	2.75	0.2
455	2021-03-30	10.8	4.1	18.2	0.0	0.0
456	2021-03-31	14.5	5.9	22.9	0.0	0.0
457	2021-04-01	17.7	12.0	24.0	0.0	0.0
458	2021-04-02	17.8	12.5	23.0	0.83	0.0
459	2021-04-03	14.9	10.9	18.0	16.53	56.2
460	2021-04-04	11.9	9.0	15.8	5.75	0.6
461	2021-04-05	11.9	5.4	19.3	0.0	0.0
462	2021-04-06	13.9	9.4	19.2	0.0	0.0
463	2021-04-07	14.1	8.1	20.4	0.0	0.0
464	2021-04-08	13.0	7.2	18.0	0.0	0.0
465	2021-04-09	13.6	7.6	19.6	0.0	0.0
466	2021-04-10	12.6	7.7	18.8	0.0	0.0
467	2021-04-11	15.0	7.5	21.8	0.0	0.0
468	2021-04-12	13.8	11.9	17.8	14.17	22.0
469	2021-04-13	10.4	5.7	13.5	6.75	8.0
470	2021-04-14	8.4	3.1	13.3	0.0	0.0
471	2021-04-15	11.6	6.3	18.3	0.0	0.0
472	2021-04-16	11.3	8.1	14.8	3.5	0.7
473	2021-04-17	9.6	6.0	14.6	1.58	0.0
474	2021-04-18	9.9	5.6	15.3	0.0	0.0
475	2021-04-19	12.2	5.8	19.4	0.0	0.0
476	2021-04-20	14.8	8.1	22.0	0.0	0.0
477	2021-04-21	19.1	10.3	28.2	0.0	0.0
478	2021-04-22	20.9	16.1	27.5	0.0	0.0
479	2021-04-23	19.0	17.0	21.7	4.0	0.0
480	2021-04-24	18.3	15.3	22.2	0.67	0.0
481	2021-04-25	18.2	12.6	24.0	0.0	0.0
482	2021-04-26	16.2	12.3	20.6	0.0	0.0
483	2021-04-27	15.4	12.5	20.0	4.0	1.7
484	2021-04-28	14.5	11.2	18.2	1.33	4.7
485	2021-04-29	14.6	10.9	20.1	4.33	3.9
486	2021-04-30	11.3	8.6	14.6	9.75	26.3
487	2021-05-01	10.2	8.5	15.3	11.67	8.0
488	2021-05-02	12.4	7.3	18.7	2.5	1.7
489	2021-05-03	14.1	8.4	20.3	0.0	0.0
490	2021-05-04	13.8	11.4	15.8	16.25	19.6
491	2021-05-05	13.9	10.3	18.4	0.5	0.1
492	2021-05-06	15.7	7.9	23.1	0.0	0.0
493	2021-05-07	14.4	10.7	17.2	1.5	8.8
494	2021-05-08	14.3	8.9	21.0	0.0	0.0
495	2021-05-09	15.7	10.0	21.8	0.0	0.0
496	2021-05-10	13.2	11.7	14.6	3.08	0.0
497	2021-05-11	18.5	9.4	25.7	0.0	0.0
498	2021-05-12	22.0	16.9	27.7	0.0	0.0
499	2021-05-13	22.9	16.6	29.6	0.0	0.0
500	2021-05-14	24.1	18.0	30.8	0.0	0.0
501	2021-05-15	22.1	20.8	26.2	14.0	15.0
502	2021-05-16	18.4	14.8	20.8	24.0	66.9
503	2021-05-17	15.3	14.2	16.7	13.83	3.1
504	2021-05-18	17.9	13.6	24.5	0.0	0.0
505	2021-05-19	19.9	12.4	26.6	0.0	0.0
506	2021-05-20	18.7	15.6	22.9	11.15	0.9
507	2021-05-21	16.0	14.2	18.2	15.17	6.9
508	2021-05-22	18.6	13.8	23.8	0.92	0.2
509	2021-05-23	19.5	14.3	25.1	0.0	0.0
510	2021-05-24	19.4	16.4	24.5	0.0	0.0
511	2021-05-25	15.3	11.9	19.3	4.58	8.3
512	2021-05-26	18.0	11.5	23.0	0.67	0.0
513	2021-05-27	15.8	13.9	18.7	5.92	8.9
514	2021-05-28	15.3	12.4	19.7	7.83	12.3
515	2021-05-29	15.4	12.8	19.1	8.42	0.3
516	2021-05-30	18.4	10.8	26.3	4.0	18.1
517	2021-05-31	19.9	16.5	23.8	2.5	4.0
518	2021-06-01	20.2	15.9	23.9	4.42	3.2
519	2021-06-02	23.2	16.6	29.7	0.0	0.0
520	2021-06-03	19.1	14.6	22.7	12.17	18.1
521	2021-06-04	18.5	13.3	23.6	0.0	0.0
522	2021-06-05	20.8	17.0	25.7	0.0	0.0
523	2021-06-06	23.0	18.4	28.2	0.0	0.0
524	2021-06-07	21.1	19.4	24.0	3.58	0.0
525	2021-06-08	23.6	18.8	29.5	0.92	0.1
526	2021-06-09	25.8	19.5	31.6	0.0	0.0
527	2021-06-10	24.9	20.5	29.8	6.67	6.1
528	2021-06-11	21.5	19.9	24.4	4.17	4.6
529	2021-06-12	24.2	18.2	30.2	0.0	0.0
530	2021-06-13	24.8	20.9	29.7	0.0	0.0
531	2021-06-14	24.8	18.9	30.2	0.0	0.0
532	2021-06-15	22.5	21.5	25.3	7.92	1.9
533	2021-06-16	24.3	20.3	28.9	0.0	0.0
534	2021-06-17	21.9	19.6	25.0	4.25	0.0
535	2021-06-18	20.0	19.0	21.4	12.0	6.3
536	2021-06-19	22.3	17.5	27.4	0.0	0.0
537	2021-06-20	22.9	17.6	29.0	0.0	0.0
538	2021-06-21	23.6	19.2	28.5	0.0	0.0
539	2021-06-22	22.8	19.7	28.6	2.08	0.0
540	2021-06-23	22.4	18.8	27.9	0.67	7.5
541	2021-06-24	23.0	18.5	28.0	0.0	0.0
542	2021-06-25	24.1	19.5	29.5	0.0	0.0
543	2021-06-26	22.8	19.9	26.7	11.42	4.5
544	2021-06-27	24.5	19.8	30.8	3.42	38.2
545	2021-06-28	23.7	21.0	29.2	1.67	0.1
546	2021-06-29	23.9	21.3	28.4	1.67	8.0
547	2021-06-30	24.3	21.0	28.8	1.35	6.0
548	2021-07-01	26.3	21.4	31.0	0.0	0.0
549	2021-07-02	27.1	23.6	31.8	0.0	0.0
550	2021-07-03	22.6	19.6	25.7	9.42	60.0
551	2021-07-04	21.4	19.8	23.1	18.33	21.4
552	2021-07-05	23.3	20.1	26.9	0.0	0.0
553	2021-07-06	25.3	21.0	30.1	0.0	0.0
554	2021-07-07	26.4	23.9	29.1	4.67	12.7
555	2021-07-08	26.0	23.8	29.8	2.0	2.9
556	2021-07-09	25.5	23.6	29.2	0.25	0.0
557	2021-07-10	25.9	23.1	29.2	2.8	0.5
558	2021-07-11	25.7	24.1	27.5	5.17	0.4
559	2021-07-12	28.1	23.8	32.5	0.0	0.0
560	2021-07-13	28.8	26.3	31.5	0.0	0.0
561	2021-07-14	29.7	26.1	33.5	0.0	0.0
562	2021-07-15	29.1	25.9	34.5	2.07	0.0
563	2021-07-16	28.8	24.2	35.2	0.0	0.0
564	2021-07-17	29.1	24.7	32.8	0.17	0.0
565	2021-07-18	29.6	25.7	34.1	0.0	0.0
566	2021-07-19	26.4	24.0	30.5	5.0	67.4
567	2021-07-20	27.9	23.6	31.8	0.83	0.0
568	2021-07-21	30.5	25.3	35.3	0.0	0.0
569	2021-07-22	31.2	26.5	35.9	0.0	0.0
570	2021-07-23	31.2	27.2	35.8	0.0	0.0
571	2021-07-24	31.7	26.9	36.5	0.0	0.0
572	2021-07-25	31.5	27.2	35.9	0.0	0.0
573	2021-07-26	31.2	27.4	35.4	0.0	0.0
574	2021-07-27	31.1	27.8	35.7	0.0	0.0
575	2021-07-28	30.4	27.1	34.7	1.33	0.0
576	2021-07-29	29.6	27.0	33.3	0.0	0.0
577	2021-07-30	30.5	25.8	35.4	0.0	0.0
578	2021-07-31	29.8	26.8	34.3	2.75	3.0
579	2021-08-01	27.1	25.1	28.8	13.42	21.0
580	2021-08-02	26.5	25.0	28.6	6.92	1.7
581	2021-08-03	28.0	24.1	31.4	0.35	0.0
582	2021-08-04	28.9	26.3	33.2	0.0	0.0
583	2021-08-05	29.4	25.6	33.7	0.0	0.0
584	2021-08-06	28.1	26.0	32.2	0.0	0.0
585	2021-08-07	28.0	23.4	32.3	0.0	0.0
586	2021-08-08	26.8	24.4	32.1	4.58	12.7
587	2021-08-09	28.3	23.3	33.6	0.0	0.0
588	2021-08-10	27.7	24.3	32.2	0.0	0.0
589	2021-08-11	27.4	24.1	31.6	1.25	0.0
590	2021-08-12	26.8	24.0	31.7	1.08	0.0
591	2021-08-13	26.6	23.4	30.1	0.0	0.0
592	2021-08-14	26.1	23.4	30.5	0.0	0.0
593	2021-08-15	26.9	21.7	32.4	0.0	0.0
594	2021-08-16	27.3	22.5	32.8	0.92	0.0
595	2021-08-17	25.9	21.9	31.3	4.67	9.3
596	2021-08-18	24.3	20.6	31.0	3.97	5.6
597	2021-08-19	26.0	21.0	31.5	0.0	0.0
598	2021-08-20	26.6	22.6	30.7	0.58	0.0
599	2021-08-21	23.8	21.0	25.5	11.33	62.8
600	2021-08-22	24.4	22.4	27.0	1.0	0.0
601	2021-08-23	22.4	21.0	24.0	11.33	7.4
602	2021-08-24	23.4	21.1	26.4	12.58	10.5
603	2021-08-25	25.0	23.5	27.3	4.25	0.3
604	2021-08-26	25.5	22.9	27.9	1.17	0.7
605	2021-08-27	22.4	20.4	25.5	10.38	0.9
606	2021-08-28	23.6	19.7	28.2	0.0	0.0
607	2021-08-29	23.7	21.9	26.3	3.17	0.9
608	2021-08-30	24.2	21.2	27.7	1.17	0.0
609	2021-08-31	20.5	18.1	23.1	16.55	77.4
610	2021-09-01	21.4	18.5	23.9	4.08	0.8
611	2021-09-02	23.5	20.7	26.7	0.0	0.0
612	2021-09-03	24.3	20.6	29.2	0.0	0.0
613	2021-09-04	23.2	18.5	28.6	0.0	0.0
614	2021-09-05	23.1	19.4	27.3	0.0	0.0
615	2021-09-06	22.3	18.0	26.4	9.17	12.0
616	2021-09-07	19.6	17.6	20.9	22.58	29.6
617	2021-09-08	22.2	19.0	26.9	6.67	1.6
618	2021-09-09	23.5	19.1	29.1	0.0	0.0
619	2021-09-10	23.6	19.5	28.9	0.0	0.0
620	2021-09-11	24.0	19.9	29.4	0.0	0.0
621	2021-09-12	24.2	19.2	29.8	0.0	0.0
622	2021-09-13	24.8	20.8	30.3	0.0	0.0
623	2021-09-14	24.6	20.0	29.5	0.0	0.0
624	2021-09-15	23.6	19.5	28.9	0.0	0.0
625	2021-09-16	22.9	18.0	27.3	0.0	0.0
626	2021-09-17	23.5	20.5	28.2	0.0	0.0
627	2021-09-18	23.9	18.9	29.8	0.0	0.0
628	2021-09-19	23.7	20.8	27.8	0.0	0.0
629	2021-09-20	23.7	19.0	28.4	0.0	0.0
630	2021-09-21	22.0	17.4	26.2	9.58	68.1
631	2021-09-22	20.2	16.8	24.3	2.0	4.5
632	2021-09-23	20.9	16.9	25.9	0.0	0.0
633	2021-09-24	21.8	16.7	26.9	0.0	0.0
634	2021-09-25	21.2	18.7	23.1	0.0	0.0
635	2021-09-26	22.6	18.4	27.3	0.0	0.0
636	2021-09-27	21.6	18.7	25.0	5.67	0.0
637	2021-09-28	21.5	19.6	24.4	9.28	1.3
638	2021-09-29	20.2	17.8	21.4	12.25	13.1
639	2021-09-30	20.3	16.0	25.9	0.0	0.0
640	2021-10-01	21.1	16.9	27.5	2.17	13.3
641	2021-10-02	20.7	16.4	26.6	0.0	0.0
642	2021-10-03	22.3	17.1	28.8	0.0	0.0
643	2021-10-04	22.9	19.2	25.6	6.17	3.6
644	2021-10-05	23.6	21.7	26.5	2.92	0.0
645	2021-10-06	18.8	17.9	21.7	11.92	6.4
646	2021-10-07	19.4	17.9	21.9	6.08	4.6
647	2021-10-08	18.8	17.5	20.0	8.58	3.5
648	2021-10-09	20.9	18.5	24.1	3.5	0.4
649	2021-10-10	19.9	14.9	24.3	13.33	14.2
650	2021-10-11	15.2	12.6	17.8	4.83	0.3
651	2021-10-12	17.9	15.8	21.3	0.0	0.0
652	2021-10-13	19.6	14.9	25.2	0.0	0.0
653	2021-10-14	19.7	17.4	23.9	0.0	0.0
654	2021-10-15	19.0	17.0	21.4	7.83	0.0
655	2021-10-16	10.7	4.2	18.1	2.17	0.0
656	2021-10-17	5.6	1.3	10.8	0.0	0.0
657	2021-10-18	9.6	2.8	16.1	4.08	5.6
658	2021-10-19	10.9	7.1	15.0	2.75	4.4
659	2021-10-20	9.5	4.6	15.8	0.0	0.0
660	2021-10-21	9.8	4.9	16.2	0.0	0.0
661	2021-10-22	10.8	5.2	17.2	0.0	0.0
662	2021-10-23	11.4	5.7	18.4	0.0	0.0
663	2021-10-24	11.4	6.0	18.1	0.0	0.0
664	2021-10-25	11.7	6.3	17.6	0.0	0.0
665	2021-10-26	13.0	7.7	19.0	0.0	0.0
666	2021-10-27	13.4	9.8	18.1	0.75	0.0
667	2021-10-28	12.7	7.1	20.0	0.0	0.0
668	2021-10-29	14.6	10.5	20.6	0.0	0.0
669	2021-10-30	13.8	11.0	18.0	0.0	0.0
670	2021-10-31	14.1	9.2	20.3	0.58	0.7
671	2021-11-01	12.9	10.3	16.9	0.0	0.0
672	2021-11-02	11.5	7.9	16.9	0.0	0.0
673	2021-11-03	12.1	7.6	17.1	0.0	0.0
674	2021-11-04	12.1	8.4	16.3	0.25	0.0
675	2021-11-05	13.0	7.8	20.2	0.0	0.0
676	2021-11-06	14.1	8.8	21.3	0.0	0.0
677	2021-11-07	15.3	9.7	21.3	0.0	0.0
678	2021-11-08	8.6	4.5	15.5	18.5	25.7
679	2021-11-09	4.9	3.0	6.5	11.08	2.0
680	2021-11-10	4.2	0.7	7.7	4.58	0.3
681	2021-11-11	5.3	2.1	9.7	0.17	0.0
682	2021-11-12	4.5	1.3	8.6	0.0	0.0
683	2021-11-13	7.3	0.5	13.4	0.0	0.0
684	2021-11-14	11.3	7.8	16.4	0.0	0.0
685	2021-11-15	10.1	5.8	15.7	0.0	0.0
686	2021-11-16	8.5	4.4	13.6	0.0	0.0
687	2021-11-17	7.5	2.7	12.5	0.0	0.0
688	2021-11-18	11.9	7.7	16.2	2.08	0.0
689	2021-11-19	12.9	10.2	16.7	0.0	0.0
690	2021-11-20	10.4	6.8	15.6	0.0	0.0
691	2021-11-21	10.4	7.6	13.1	2.92	5.9
692	2021-11-22	2.7	-0.6	7.5	2.92	1.3
693	2021-11-23	-0.6	-3.7	2.3	0.0	0.0
694	2021-11-24	4.1	-2.6	9.1	0.17	0.0
695	2021-11-25	5.7	2.6	9.9	0.0	0.0
696	2021-11-26	2.9	-0.5	7.2	0.83	0.0
697	2021-11-27	3.4	-1.4	10.1	0.0	0.0
698	2021-11-28	5.1	-1.3	12.4	0.0	0.0
699	2021-11-29	7.6	2.5	13.7	0.0	0.0
700	2021-11-30	5.7	0.7	8.9	13.75	27.2
701	2021-12-01	-1.3	-3.0	1.5	0.0	0.0
702	2021-12-02	1.3	-4.6	5.0	2.58	0.1
703	2021-12-03	1.9	-1.8	4.6	2.0	0.4
704	2021-12-04	1.4	-2.7	7.0	0.0	0.0
705	2021-12-05	2.9	-2.3	9.6	0.0	0.0
706	2021-12-06	5.4	-0.7	12.1	0.0	0.0
707	2021-12-07	6.8	2.6	13.3	0.0	0.0
708	2021-12-08	6.7	1.9	13.3	0.0	0.0
709	2021-12-09	6.5	2.7	9.7	0.0	0.0
710	2021-12-10	7.0	5.8	8.2	2.78	0.7
711	2021-12-11	6.0	4.4	9.8	0.0	0.0
712	2021-12-12	1.2	-3.8	5.1	0.0	0.0
713	2021-12-13	-2.2	-5.9	1.9	0.0	0.0
714	2021-12-14	3.7	-0.7	8.2	7.58	1.2
715	2021-12-15	7.2	5.4	10.0	4.25	2.1
716	2021-12-16	6.4	3.3	9.8	0.38	0.0
717	2021-12-17	-5.6	-10.1	3.2	0.0	0.0
718	2021-12-18	-5.7	-11.2	-1.8	4.33	2.8
719	2021-12-19	-0.8	-5.8	4.2	1.17	0.2
720	2021-12-20	5.2	-0.9	11.1	0.33	0.0
721	2021-12-21	5.2	0.8	8.9	0.0	0.0
722	2021-12-22	2.2	-2.6	8.2	0.0	0.0
723	2021-12-23	2.7	-1.5	8.3	0.0	0.0
724	2021-12-24	-0.3	-7.3	3.2	2.33	0.2
725	2021-12-25	-11.7	-14.4	-7.3	0.0	0.0
726	2021-12-26	-12.1	-15.5	-7.3	0.0	0.0
727	2021-12-27	-7.6	-12.9	-3.9	2.08	0.0
728	2021-12-28	-4.1	-8.5	-0.9	0.0	0.0
729	2021-12-29	0.4	-3.8	5.9	1.58	0.2
730	2021-12-30	-3.9	-6.8	0.2	0.5	0.0
731	2021-12-31	-6.7	-8.8	-3.9	0.0	0.0
732	2022-01-01	-4.3	-10.2	2.3	0.0	0.0
733	2022-01-02	-1.3	-5.2	3.0	4.17	0.3
734	2022-01-03	-1.9	-8.0	2.5	4.0	0.0
735	2022-01-04	-2.5	-5.6	1.0	0.92	0.0
736	2022-01-05	-2.8	-7.8	1.9	0.0	0.0
737	2022-01-06	-2.2	-5.9	3.3	0.0	0.0
738	2022-01-07	-1.6	-5.9	4.5	0.0	0.0
739	2022-01-08	0.3	-5.0	3.7	0.17	0.0
740	2022-01-09	1.3	-1.2	5.6	0.0	0.0
741	2022-01-10	0.5	-3.4	4.4	3.83	0.9
742	2022-01-11	-7.4	-10.3	0.3	1.5	0.2
743	2022-01-12	-7.7	-11.3	-3.4	0.0	0.0
744	2022-01-13	-6.4	-8.9	-3.1	0.0	0.0
745	2022-01-14	-4.8	-10.1	1.3	0.0	0.0
746	2022-01-15	-1.0	-5.3	1.8	0.92	0.0
747	2022-01-16	-2.0	-7.2	2.4	0.42	0.0
748	2022-01-17	-5.8	-9.2	0.1	4.92	0.5
749	2022-01-18	-5.6	-9.9	-0.7	0.0	0.0
750	2022-01-19	-5.3	-7.7	-2.7	7.08	1.7
751	2022-01-20	-5.0	-9.8	0.9	0.0	0.0
752	2022-01-21	-2.7	-8.7	4.6	0.0	0.0
753	2022-01-22	0.3	-5.0	7.1	0.0	0.0
754	2022-01-23	2.0	-0.6	6.7	0.0	0.0
755	2022-01-24	4.6	1.3	8.4	0.0	0.0
756	2022-01-25	2.8	1.9	4.5	11.75	0.7
757	2022-01-26	1.3	-1.9	6.8	0.0	0.0
758	2022-01-27	-1.1	-4.6	4.0	0.0	0.0
759	2022-01-28	-2.7	-5.9	2.1	0.0	0.0
760	2022-01-29	-3.6	-7.2	0.9	0.0	0.0
761	2022-01-30	-2.8	-8.0	2.4	0.0	0.0
762	2022-01-31	-0.7	-6.8	4.8	2.75	1.2
763	2022-02-01	-1.3	-2.7	0.9	4.83	1.7
764	2022-02-02	-3.4	-6.0	0.0	0.0	0.0
765	2022-02-03	-3.4	-6.9	0.4	0.0	0.0
766	2022-02-04	-5.2	-8.2	-0.7	0.67	0.0
767	2022-02-05	-6.6	-9.7	-2.0	0.0	0.0
768	2022-02-06	-3.9	-8.4	1.7	0.0	0.0
769	2022-02-07	-2.5	-7.3	1.9	0.0	0.0
770	2022-02-08	-0.1	-4.1	5.6	0.0	0.0
771	2022-02-09	1.0	-4.3	7.2	0.0	0.0
772	2022-02-10	1.4	-3.2	6.7	0.0	0.0
773	2022-02-11	2.9	-2.6	8.8	0.0	0.0
774	2022-02-12	4.8	-0.1	10.4	0.0	0.0
775	2022-02-13	4.8	1.6	9.5	0.0	0.0
776	2022-02-14	2.5	-1.3	8.1	2.42	1.7
777	2022-02-15	-4.7	-7.7	-1.3	12.17	0.0
778	2022-02-16	-7.3	-9.6	-4.1	0.33	0.0
779	2022-02-17	-6.2	-10.7	-0.5	0.0	0.0
780	2022-02-18	-1.2	-8.0	5.7	0.0	0.0
781	2022-02-19	-1.7	-6.2	3.7	2.17	0.1
782	2022-02-20	-4.8	-8.4	-0.5	0.0	0.0
783	2022-02-21	-3.0	-8.1	3.6	2.58	0.1
784	2022-02-22	-4.5	-8.0	0.5	0.0	0.0
785	2022-02-23	-5.6	-10.0	-0.6	0.0	0.0
786	2022-02-24	-2.4	-8.5	3.7	0.0	0.0
787	2022-02-25	3.0	-3.6	8.4	0.0	0.0
788	2022-02-26	5.4	1.0	9.3	3.58	1.1
789	2022-02-27	3.7	-1.6	9.1	0.0	0.0
790	2022-02-28	6.8	2.7	11.5	0.0	0.0
791	2022-03-01	5.8	0.3	9.7	7.08	2.3
792	2022-03-02	3.5	-2.3	8.8	0.0	0.0
793	2022-03-03	5.8	0.9	12.4	0.0	0.0
794	2022-03-04	6.9	0.6	14.6	0.0	0.0
795	2022-03-05	2.3	-0.7	6.7	0.0	0.0
796	2022-03-06	1.4	-3.0	6.8	0.0	0.0
797	2022-03-07	2.8	-2.7	8.7	0.0	0.0
798	2022-03-08	6.0	1.1	12.3	0.0	0.0
799	2022-03-09	7.1	1.7	14.8	0.0	0.0
800	2022-03-10	9.3	4.2	15.8	0.0	0.0
801	2022-03-11	11.2	5.1	18.4	0.0	0.0
802	2022-03-12	12.8	6.3	19.5	3.33	2.6
803	2022-03-13	11.7	10.7	12.6	12.42	42.1
804	2022-03-14	8.2	4.9	13.2	5.58	8.7
805	2022-03-15	7.2	2.3	13.3	0.0	0.0
806	2022-03-16	10.3	3.6	16.8	0.0	0.0
807	2022-03-17	10.7	7.8	15.1	5.5	1.2
808	2022-03-18	7.5	5.5	9.6	4.17	0.0
809	2022-03-19	3.4	0.9	6.1	11.58	14.6
810	2022-03-20	5.4	2.2	9.3	3.58	0.0
811	2022-03-21	5.0	-0.3	10.9	0.0	0.0
812	2022-03-22	7.1	1.1	13.6	0.0	0.0
813	2022-03-23	6.2	4.9	8.2	0.0	0.0
814	2022-03-24	8.2	3.9	12.4	0.0	0.0
815	2022-03-25	12.0	6.3	17.2	4.75	10.9
816	2022-03-26	11.8	9.5	14.7	11.08	19.8
817	2022-03-27	8.1	5.0	12.6	0.0	0.0
818	2022-03-28	8.2	1.5	15.1	0.0	0.0
819	2022-03-29	9.7	3.3	15.6	0.0	0.0
820	2022-03-30	10.8	5.9	15.7	3.25	0.4
821	2022-03-31	10.9	7.6	14.7	0.0	0.0
822	2022-04-01	9.2	4.5	14.9	0.0	0.0
823	2022-04-02	8.2	3.7	14.2	0.0	0.0
824	2022-04-03	9.6	3.5	17.0	0.0	0.0
825	2022-04-04	10.3	5.1	16.4	0.0	0.0
826	2022-04-05	10.3	4.9	15.8	0.0	0.0
827	2022-04-06	11.7	8.0	17.0	0.0	0.0
828	2022-04-07	10.9	7.4	15.7	0.0	0.0
829	2022-04-08	12.9	5.1	20.0	0.0	0.0
830	2022-04-09	17.8	12.4	24.2	1.08	0.5
831	2022-04-10	18.2	12.7	25.1	0.0	0.0
832	2022-04-11	19.6	13.4	26.6	0.0	0.0
833	2022-04-12	19.3	15.9	26.4	4.0	0.5
834	2022-04-13	13.1	12.0	15.9	5.5	1.3
835	2022-04-14	13.2	11.4	15.3	0.0	0.0
836	2022-04-15	13.3	7.5	19.3	0.0	0.0
837	2022-04-16	13.2	7.1	20.2	0.0	0.0
838	2022-04-17	14.0	7.2	21.9	0.0	0.0
839	2022-04-18	15.2	11.4	21.6	0.0	0.0
840	2022-04-19	15.2	8.9	22.1	0.0	0.0
841	2022-04-20	15.7	9.7	22.1	0.0	0.0
842	2022-04-21	16.3	9.6	22.7	0.0	0.0
843	2022-04-22	15.0	13.2	16.8	0.0	0.0
844	2022-04-23	17.7	10.4	25.3	0.0	0.0
845	2022-04-24	18.5	15.0	24.5	4.75	0.3
846	2022-04-25	20.0	17.0	23.6	11.25	1.3
847	2022-04-26	21.9	17.0	28.7	4.83	1.0
848	2022-04-27	17.7	12.6	23.9	0.0	0.0
849	2022-04-28	18.2	11.6	25.9	0.25	0.0
850	2022-04-29	13.4	10.7	16.5	9.75	15.5
851	2022-04-30	13.0	10.5	17.8	0.0	0.0
852	2022-05-01	13.4	7.9	19.2	0.0	0.0
853	2022-05-02	14.2	9.1	19.4	0.0	0.0
854	2022-05-03	14.8	9.1	20.8	0.0	0.0
855	2022-05-04	17.8	10.0	25.2	0.0	0.0
856	2022-05-05	18.9	12.5	25.8	0.0	0.0
857	2022-05-06	19.6	13.7	25.6	0.0	0.0
858	2022-05-07	18.4	15.3	23.1	3.92	0.5
859	2022-05-08	15.3	11.7	18.2	5.58	2.0
860	2022-05-09	17.9	11.0	25.3	0.0	0.0
861	2022-05-10	19.9	13.6	26.3	1.33	0.0
862	2022-05-11	19.7	16.6	25.2	0.92	0.0
863	2022-05-12	20.9	14.1	28.1	0.0	0.0
864	2022-05-13	19.4	15.0	25.2	0.0	0.0
865	2022-05-14	15.7	11.9	20.0	0.0	0.0
866	2022-05-15	16.2	10.5	22.4	0.0	0.0
867	2022-05-16	17.3	10.9	23.7	0.0	0.0
868	2022-05-17	20.0	13.0	27.4	0.0	0.0
869	2022-05-18	20.0	15.7	25.4	2.33	1.5
870	2022-05-19	19.9	16.1	24.2	0.0	0.0
871	2022-05-20	20.6	15.6	25.8	0.0	0.0
872	2022-05-21	20.1	16.1	26.0	0.0	0.0
873	2022-05-22	20.3	15.7	25.8	0.0	0.0
874	2022-05-23	23.0	17.8	30.7	0.0	0.0
875	2022-05-24	22.9	16.7	30.2	0.0	0.0
876	2022-05-25	21.0	16.7	26.7	4.92	3.5
877	2022-05-26	18.7	14.1	23.5	0.75	0.0
878	2022-05-27	20.0	16.0	25.6	0.17	0.0
879	2022-05-28	22.3	15.0	29.3	0.0	0.0
880	2022-05-29	23.1	19.3	29.7	0.0	0.0
881	2022-05-30	20.8	17.2	24.7	1.08	0.0
882	2022-05-31	20.7	14.2	27.2	0.0	0.0
883	2022-06-01	22.1	16.2	28.6	0.0	0.0
884	2022-06-02	21.5	17.1	26.9	0.0	0.0
885	2022-06-03	24.5	18.7	32.6	0.0	0.0
886	2022-06-04	25.6	20.3	29.7	0.0	0.0
887	2022-06-05	22.7	20.2	27.0	1.58	0.0
888	2022-06-06	19.7	16.7	24.5	8.0	4.3
889	2022-06-07	20.6	15.1	25.1	0.67	0.0
890	2022-06-08	21.2	16.2	25.8	0.0	0.0
891	2022-06-09	20.9	18.5	24.5	4.33	2.6
892	2022-06-10	20.9	17.2	26.6	2.67	1.2
893	2022-06-11	24.6	17.7	32.7	0.0	0.0
894	2022-06-12	24.6	18.9	31.5	0.0	0.0
895	2022-06-13	23.6	19.6	29.2	3.83	18.0
896	2022-06-14	21.5	17.7	27.1	1.67	0.0
897	2022-06-15	17.5	14.9	20.1	17.58	18.5
898	2022-06-16	20.3	17.6	24.8	4.33	0.7
899	2022-06-17	22.5	16.5	28.1	0.0	0.0
900	2022-06-18	23.3	22.0	25.1	0.25	0.0
901	2022-06-19	23.4	22.3	25.1	0.0	0.0
902	2022-06-20	25.2	22.0	29.0	0.0	0.0
903	2022-06-21	26.5	21.2	32.6	0.0	0.0
904	2022-06-22	25.9	21.9	31.0	0.0	0.0
905	2022-06-23	24.3	23.3	26.4	13.5	103.0
906	2022-06-24	22.6	20.6	24.9	6.83	19.1
907	2022-06-25	26.0	21.5	30.5	0.0	0.0
908	2022-06-26	26.5	24.8	28.1	0.0	0.0
909	2022-06-27	26.8	25.4	28.1	14.25	6.1
910	2022-06-28	26.9	25.7	27.9	14.08	6.3
911	2022-06-29	25.1	24.4	26.1	20.75	37.8
912	2022-06-30	22.3	21.2	24.5	22.83	176.2
913	2022-07-01	26.6	21.9	30.9	0.0	0.0
914	2022-07-02	28.8	24.0	33.8	0.0	0.0
915	2022-07-03	29.3	24.4	34.2	0.0	0.0
916	2022-07-04	29.3	26.4	32.6	0.83	0.0
917	2022-07-05	29.2	26.7	33.1	1.42	0.0
918	2022-07-06	29.5	26.2	33.3	2.5	16.1
919	2022-07-07	28.2	26.4	31.0	3.67	0.0
920	2022-07-08	25.8	24.0	27.9	6.25	1.7
921	2022-07-09	26.9	24.0	30.9	6.0	0.1
922	2022-07-10	29.2	24.6	35.1	0.42	0.0
923	2022-07-11	27.0	24.7	30.6	2.5	9.0
924	2022-07-12	26.8	23.2	29.4	0.0	0.0
925	2022-07-13	25.0	24.0	27.1	19.98	114.5
926	2022-07-14	25.7	23.3	29.9	5.92	0.9
927	2022-07-15	26.0	23.0	30.3	0.0	0.0
928	2022-07-16	24.8	23.2	28.2	4.08	34.0
929	2022-07-17	25.5	22.5	29.7	1.5	0.0
930	2022-07-18	26.8	23.1	30.1	0.0	0.0
931	2022-07-19	27.4	24.3	31.1	0.0	0.0
932	2022-07-20	27.1	24.3	30.4	3.83	1.1
933	2022-07-21	23.2	20.8	25.2	10.83	10.4
934	2022-07-22	25.1	22.9	27.5	1.75	5.2
935	2022-07-23	24.8	22.3	28.0	8.58	9.9
936	2022-07-24	25.0	22.0	28.4	3.67	1.2
937	2022-07-25	27.5	23.6	32.0	0.0	0.0
938	2022-07-26	28.9	24.4	33.1	0.0	0.0
939	2022-07-27	29.3	26.4	33.4	0.0	0.0
940	2022-07-28	29.7	25.1	34.4	0.0	0.0
941	2022-07-29	30.7	27.3	34.3	0.0	0.0
942	2022-07-30	30.9	27.3	36.1	2.33	1.0
943	2022-07-31	27.2	25.4	29.0	15.75	47.2
944	2022-08-01	28.6	25.4	32.4	14.83	30.0
945	2022-08-02	26.8	25.5	28.5	18.58	33.5
946	2022-08-03	27.1	25.2	30.0	13.25	51.1
947	2022-08-04	28.9	26.0	32.9	0.42	0.0
948	2022-08-05	29.4	27.0	32.7	0.5	0.0
949	2022-08-06	28.7	27.4	30.3	1.67	13.6
950	2022-08-07	28.9	27.2	31.7	3.33	0.9
951	2022-08-08	26.8	0.0	28.4	20.92	129.6
952	2022-08-09	25.1	22.0	26.5	21.5	123.1
953	2022-08-10	24.7	21.4	28.8	6.5	7.6
954	2022-08-11	25.0	23.4	27.5	10.67	38.8
955	2022-08-12	27.0	23.0	32.4	0.0	0.0
956	2022-08-13	25.8	24.7	27.5	4.67	4.0
957	2022-08-14	27.6	24.5	31.5	1.5	3.0
958	2022-08-15	28.1	26.6	29.8	4.42	0.9
959	2022-08-16	26.7	24.1	30.0	0.75	0.0
960	2022-08-17	26.0	22.8	30.5	0.75	0.0
961	2022-08-18	25.6	22.4	29.8	0.0	0.0
962	2022-08-19	26.0	23.3	27.5	10.33	66.1
963	2022-08-20	28.2	25.7	32.0	1.83	0.0
964	2022-08-21	28.1	24.7	32.0	0.0	0.0
965	2022-08-22	26.8	22.9	30.2	2.0	3.2
966	2022-08-23	25.4	22.4	30.2	6.17	2.2
967	2022-08-24	24.8	22.4	27.9	0.0	0.0
968	2022-08-25	22.2	21.1	24.0	7.08	1.6
969	2022-08-26	23.8	19.9	28.4	0.0	0.0
970	2022-08-27	21.5	17.6	25.5	0.58	17.6
971	2022-08-28	22.6	16.1	28.4	0.0	0.0
972	2022-08-29	21.0	19.5	22.5	11.58	2.2
973	2022-08-30	19.1	17.9	20.3	21.42	35.8
974	2022-08-31	21.7	19.6	24.9	4.17	0.0
975	2022-09-01	24.0	18.3	30.4	0.0	0.0
976	2022-09-02	24.7	20.3	29.8	0.0	0.0
977	2022-09-03	24.2	20.5	29.2	0.0	0.0
978	2022-09-04	22.3	19.8	24.0	13.67	33.8
979	2022-09-05	19.2	17.7	22.7	24.0	120.0
980	2022-09-06	21.0	17.0	26.3	8.92	25.3
981	2022-09-07	22.8	17.9	28.1	0.0	0.0
982	2022-09-08	23.2	16.7	29.5	0.0	0.0
983	2022-09-09	24.3	18.9	30.8	0.0	0.0
984	2022-09-10	23.6	19.0	28.4	0.0	0.0
985	2022-09-11	23.3	20.6	26.4	1.83	0.1
986	2022-09-12	23.8	20.3	27.5	0.0	0.0
987	2022-09-13	24.3	21.8	26.4	4.83	0.0
988	2022-09-14	24.6	22.7	27.9	1.17	0.0
989	2022-09-15	25.2	22.0	28.3	0.42	0.1
990	2022-09-16	25.7	23.4	29.9	5.5	14.6
991	2022-09-17	25.6	23.3	29.4	1.92	4.3
992	2022-09-18	27.1	23.0	32.5	0.0	0.0
993	2022-09-19	24.6	19.5	29.6	0.0	0.0
994	2022-09-20	19.9	16.1	24.6	0.0	0.0
995	2022-09-21	19.4	13.0	25.6	0.0	0.0
996	2022-09-22	19.8	14.2	24.7	0.0	0.0
997	2022-09-23	17.5	14.7	22.2	0.67	3.3
998	2022-09-24	18.5	12.3	24.2	0.0	0.0
999	2022-09-25	19.6	15.4	25.2	0.0	0.0
1000	2022-09-26	20.0	14.8	25.4	0.0	0.0
1001	2022-09-27	20.9	14.0	28.0	0.0	0.0
1002	2022-09-28	20.4	16.1	26.1	0.0	0.0
1003	2022-09-29	20.4	16.4	26.5	0.0	0.0
1004	2022-09-30	20.7	14.8	27.7	0.0	0.0
1005	2022-10-01	20.9	14.4	27.6	0.0	0.0
1006	2022-10-02	19.4	17.2	21.6	15.08	15.8
1007	2022-10-03	21.4	17.5	23.4	22.58	76.0
1008	2022-10-04	17.9	14.2	23.0	7.08	11.8
1009	2022-10-05	16.6	14.1	21.6	3.58	0.1
1010	2022-10-06	15.8	12.7	19.1	2.25	0.0
1011	2022-10-07	14.3	11.0	18.6	0.0	0.0
1012	2022-10-08	15.8	11.1	21.6	0.0	0.0
1013	2022-10-09	13.1	10.7	14.5	13.67	20.4
1014	2022-10-10	9.9	8.2	11.9	4.58	0.0
1015	2022-10-11	11.1	7.4	16.4	0.0	0.0
1016	2022-10-12	13.5	6.5	20.6	0.0	0.0
1017	2022-10-13	16.3	10.7	22.7	0.0	0.0
1018	2022-10-14	17.1	12.4	23.0	0.0	0.0
1019	2022-10-15	18.2	12.6	24.4	0.0	0.0
1020	2022-10-16	16.9	15.1	20.5	0.0	0.0
1021	2022-10-17	11.2	7.4	15.1	0.0	0.0
1022	2022-10-18	9.4	5.0	14.2	0.0	0.0
1023	2022-10-19	10.5	4.4	16.8	0.0	0.0
1024	2022-10-20	12.9	6.0	19.7	0.0	0.0
1025	2022-10-21	14.0	8.8	20.9	0.0	0.0
1026	2022-10-22	15.1	10.5	20.8	0.0	0.0
1027	2022-10-23	14.0	10.4	18.6	0.0	0.0
1028	2022-10-24	10.6	7.5	14.8	0.0	0.0
1029	2022-10-25	11.3	5.9	17.6	0.0	0.0
1030	2022-10-26	12.9	8.0	17.8	0.0	0.0
1031	2022-10-27	13.2	8.6	18.9	0.0	0.0
1032	2022-10-28	13.6	8.2	20.6	0.0	0.0
1033	2022-10-29	14.8	10.2	21.3	0.0	0.0
1034	2022-10-30	14.9	10.4	21.3	0.0	0.0
1035	2022-10-31	14.9	11.2	21.1	0.0	0.0
1036	2022-11-01	13.1	9.4	17.8	0.0	0.0
1037	2022-11-02	11.1	5.5	17.9	0.0	0.0
1038	2022-11-03	9.3	5.6	13.4	1.75	0.0
1039	2022-11-04	4.9	1.6	9.8	0.0	0.0
1040	2022-11-05	6.5	0.8	13.6	0.0	0.0
1041	2022-11-06	9.6	3.7	16.4	0.0	0.0
1042	2022-11-07	11.4	6.1	16.6	0.17	0.0
1043	2022-11-08	12.9	9.7	17.9	0.0	0.0
1044	2022-11-09	11.4	6.7	16.0	0.0	0.0
1045	2022-11-10	13.5	8.8	19.1	0.0	0.0
1046	2022-11-11	15.6	10.9	22.1	0.0	0.0
1047	2022-11-12	16.3	11.6	22.0	7.5	57.9
1048	2022-11-13	10.3	8.7	17.3	0.0	0.0
1049	2022-11-14	9.7	5.9	13.8	0.0	0.0
1050	2022-11-15	8.1	4.0	12.3	2.25	1.6
1051	2022-11-16	8.5	5.5	13.0	0.0	0.0
1052	2022-11-17	10.2	5.4	16.6	0.0	0.0
1053	2022-11-18	11.0	5.3	18.1	0.0	0.0
1054	2022-11-19	12.9	8.7	19.2	0.0	0.0
1055	2022-11-20	13.7	9.5	20.2	0.0	0.0
1056	2022-11-21	11.8	9.3	16.2	0.0	0.0
1057	2022-11-22	10.7	7.0	13.7	2.17	0.0
1058	2022-11-23	10.8	6.8	15.2	1.5	0.0
1059	2022-11-24	9.4	5.9	14.1	0.0	0.0
1060	2022-11-25	12.3	7.1	17.8	1.32	1.7
1061	2022-11-26	6.7	1.0	12.9	0.0	0.0
1062	2022-11-27	5.4	-1.1	11.5	0.0	0.0
1063	2022-11-28	12.3	7.5	15.0	11.58	19.5
1064	2022-11-29	6.9	-1.6	15.0	7.58	3.8
1065	2022-11-30	-5.4	-8.1	-1.6	0.0	0.0
1066	2022-12-01	-5.4	-9.4	-1.2	0.0	0.0
1067	2022-12-02	-2.5	-7.6	3.0	0.0	0.0
1068	2022-12-03	2.1	-0.3	7.0	7.33	1.1
1069	2022-12-04	-3.5	-5.2	-0.2	0.0	0.0
1070	2022-12-05	-3.1	-7.0	1.9	0.0	0.0
1071	2022-12-06	0.9	-3.9	5.3	4.75	0.1
1072	2022-12-07	4.9	1.2	9.0	3.33	0.1
1073	2022-12-08	3.7	0.1	9.1	0.0	0.0
1074	2022-12-09	4.5	0.9	10.2	0.58	0.0
1075	2022-12-10	2.6	-0.6	6.7	0.0	0.0
1076	2022-12-11	1.6	-1.5	6.8	0.0	0.0
1077	2022-12-12	2.0	-2.0	6.3	5.08	5.4
1078	2022-12-13	0.0	-6.4	3.1	6.17	0.6
1079	2022-12-14	-8.4	-11.0	-4.9	0.0	0.0
1080	2022-12-15	-4.5	-8.5	-1.3	6.67	2.4
1081	2022-12-16	-6.3	-9.6	-2.2	0.0	0.0
1082	2022-12-17	-7.0	-9.8	-3.2	2.33	0.2
1083	2022-12-18	-9.5	-12.4	-5.6	0.0	0.0
1084	2022-12-19	-7.0	-12.0	-2.5	0.0	0.0
1085	2022-12-20	-3.2	-9.5	2.9	0.0	0.0
1086	2022-12-21	-0.1	-2.6	2.6	9.17	3.6
1087	2022-12-22	-7.8	-11.3	-2.6	0.0	0.0
1088	2022-12-23	-11.8	-13.7	-8.6	0.0	0.0
1089	2022-12-24	-8.4	-13.5	-2.0	0.0	0.0
1090	2022-12-25	-5.4	-9.6	0.2	0.0	0.0
1091	2022-12-26	-3.9	-7.9	1.7	0.0	0.0
1092	2022-12-27	-2.6	-7.3	3.3	0.0	0.0
1093	2022-12-28	-3.3	-6.0	0.1	3.0	0.1
1094	2022-12-29	-2.9	-7.8	2.1	4.33	0.0
1095	2022-12-30	-1.8	-4.4	2.3	2.58	0.0
1096	2022-12-31	-1.2	-5.1	2.1	1.42	0.0
1097	2023-01-01	-0.2	-4.3	3.8	0.0	0.0
1098	2023-01-02	-4.5	-7.4	-0.4	0.0	0.0
1099	2023-01-03	-5.0	-9.0	0.6	0.0	0.0
1100	2023-01-04	-1.8	-5.7	3.3	0.0	0.0
1101	2023-01-05	-1.6	-5.6	3.6	0.0	0.0
1102	2023-01-06	0.6	-4.7	5.7	4.78	3.9
1103	2023-01-07	1.5	-1.4	3.8	1.42	0.1
1104	2023-01-08	1.3	-3.7	6.3	0.0	0.0
1105	2023-01-09	3.1	-1.3	7.0	0.0	0.0
1106	2023-01-10	1.6	-3.9	9.1	0.0	0.0
1107	2023-01-11	2.6	-2.0	9.2	0.0	0.0
1108	2023-01-12	5.9	-0.6	12.5	0.92	0.0
1109	2023-01-13	8.3	5.1	10.1	23.08	37.3
1110	2023-01-14	6.6	3.8	8.4	16.33	1.6
1111	2023-01-15	-0.2	-3.5	3.8	23.17	3.2
1112	2023-01-16	-4.6	-6.8	-1.2	8.5	0.0
1113	2023-01-17	-3.7	-7.0	-0.4	2.92	0.0
1114	2023-01-18	-1.9	-4.6	2.2	1.5	0.0
1115	2023-01-19	-0.4	-6.0	4.3	4.0	1.0
1116	2023-01-20	-3.3	-7.7	2.0	0.0	0.0
1117	2023-01-21	-4.5	-10.5	1.5	0.0	0.0
1118	2023-01-22	-0.6	-2.8	2.6	2.0	0.0
1119	2023-01-23	-0.8	-6.9	4.6	0.0	0.0
1120	2023-01-24	-14.7	-17.0	-6.9	0.92	0.0
1121	2023-01-25	-11.3	-17.3	-5.4	0.17	0.0
1122	2023-01-26	-6.0	-9.0	-3.5	14.92	0.8
1123	2023-01-27	-7.3	-9.6	-3.8	0.0	0.0
1124	2023-01-28	-6.0	-11.2	-0.6	0.17	0.0
1125	2023-01-29	-1.8	-8.0	4.9	0.0	0.0
1126	2023-01-30	-0.9	-4.4	4.2	0.0	0.0
1127	2023-01-31	2.4	-3.5	7.8	0.0	0.0
1128	2023-02-01	0.9	-3.0	6.0	0.0	0.0
1129	2023-02-02	-2.4	-5.1	1.4	0.0	0.0
1130	2023-02-03	-1.6	-3.9	3.4	0.0	0.0
1131	2023-02-04	-0.2	-5.2	6.0	0.0	0.0
1132	2023-02-05	1.7	-3.3	7.1	0.0	0.0
1133	2023-02-06	3.0	-1.7	8.8	0.0	0.0
1134	2023-02-07	3.5	-0.6	9.5	0.0	0.0
1135	2023-02-08	2.1	-1.3	7.8	0.0	0.0
1136	2023-02-09	4.0	-2.8	9.9	0.67	0.0
1137	2023-02-10	3.8	1.1	6.2	9.92	0.6
1138	2023-02-11	2.8	-1.2	8.5	0.0	0.0
1139	2023-02-12	3.7	-0.9	7.6	0.0	0.0
1140	2023-02-13	5.9	2.7	8.4	0.0	0.0
1141	2023-02-14	1.7	-2.5	6.6	0.0	0.0
1142	2023-02-15	3.2	-1.2	8.9	0.0	0.0
1143	2023-02-16	2.3	-0.7	4.5	0.0	0.0
1144	2023-02-17	3.4	-1.5	9.8	0.0	0.0
1145	2023-02-18	5.7	3.0	8.1	0.0	0.0
1146	2023-02-19	3.5	0.2	6.1	2.92	0.4
1147	2023-02-20	-0.5	-3.5	2.4	0.0	0.0
1148	2023-02-21	-1.3	-5.3	4.8	0.0	0.0
1149	2023-02-22	1.2	-4.5	8.4	0.0	0.0
1150	2023-02-23	2.9	-1.8	9.2	0.0	0.0
1151	2023-02-24	3.5	-0.4	8.5	0.0	0.0
1152	2023-02-25	0.7	-2.9	5.7	0.0	0.0
1153	2023-02-26	2.2	-3.4	9.4	0.0	0.0
1154	2023-02-27	4.4	-1.8	12.4	0.0	0.0
1155	2023-02-28	4.3	-0.7	8.7	0.0	0.0
1156	2023-03-01	6.0	2.9	9.0	0.0	0.0
1157	2023-03-02	2.2	-1.8	6.6	0.0	0.0
1158	2023-03-03	4.6	-1.9	10.4	0.0	0.0
1159	2023-03-04	7.7	3.7	14.1	0.0	0.0
1160	2023-03-05	8.0	2.5	15.4	0.0	0.0
1161	2023-03-06	9.2	2.2	16.5	0.0	0.0
1162	2023-03-07	11.7	6.3	19.4	0.0	0.0
1163	2023-03-08	12.5	7.4	17.7	1.08	1.2
1164	2023-03-09	10.3	7.4	13.1	4.83	3.7
1165	2023-03-10	13.5	6.2	22.2	0.0	0.0
1166	2023-03-11	15.2	10.2	22.8	0.0	0.0
1167	2023-03-12	5.9	0.6	12.6	6.33	5.6
1168	2023-03-13	2.9	-1.9	7.6	0.0	0.0
1169	2023-03-14	9.2	3.3	15.4	0.0	0.0
1170	2023-03-15	8.6	3.5	14.4	0.0	0.0
1171	2023-03-16	4.6	0.4	9.0	0.0	0.0
1172	2023-03-17	7.2	0.7	12.7	0.0	0.0
1173	2023-03-18	7.7	2.5	14.0	0.0	0.0
1174	2023-03-19	8.3	2.3	15.2	0.0	0.0
1175	2023-03-20	9.5	2.6	17.1	0.0	0.0
1176	2023-03-21	13.0	5.0	22.2	0.0	0.0
1177	2023-03-22	17.0	9.2	25.1	0.0	0.0
1178	2023-03-23	17.4	12.3	23.3	2.92	0.0
1179	2023-03-24	12.5	7.6	18.3	0.0	0.0
1180	2023-03-25	12.5	8.0	18.7	0.0	0.0
1181	2023-03-26	9.4	4.7	14.0	0.0	0.0
1182	2023-03-27	7.3	1.9	14.5	0.0	0.0
1183	2023-03-28	9.2	2.8	15.7	0.0	0.0
1184	2023-03-29	11.8	5.1	19.7	0.0	0.0
1185	2023-03-30	13.3	6.4	21.2	0.0	0.0
1186	2023-03-31	15.0	7.5	23.9	0.0	0.0
1187	2023-04-01	17.5	9.4	25.6	0.0	0.0
1188	2023-04-02	18.8	11.9	25.2	0.0	0.0
1189	2023-04-03	19.0	11.3	25.9	0.0	0.0
1190	2023-04-04	17.6	12.7	21.7	5.08	6.9
1191	2023-04-05	11.9	8.7	14.9	22.5	50.3
1192	2023-04-06	8.8	7.4	9.7	19.17	2.7
1193	2023-04-07	8.9	4.6	15.7	0.0	0.0
1194	2023-04-08	8.8	3.1	14.9	0.0	0.0
1195	2023-04-09	10.8	3.5	17.8	0.0	0.0
1196	2023-04-10	13.2	6.2	19.1	0.0	0.0
1197	2023-04-11	13.1	9.2	17.4	6.92	2.9
1198	2023-04-12	10.1	4.8	15.3	0.0	0.0
1199	2023-04-13	11.9	5.1	17.2	0.25	0.0
1200	2023-04-14	16.2	11.9	21.3	0.0	0.0
1201	2023-04-15	13.5	9.3	16.6	3.0	4.6
1202	2023-04-16	10.8	7.5	16.1	0.48	0.0
1203	2023-04-17	13.1	6.8	18.1	0.0	0.0
1204	2023-04-18	14.0	10.7	18.4	8.42	1.5
1205	2023-04-19	19.1	11.5	28.4	0.0	0.0
1206	2023-04-20	15.8	14.5	18.9	9.17	0.5
1207	2023-04-21	16.7	11.4	22.8	0.0	0.0
1208	2023-04-22	16.9	12.2	22.5	0.0	0.0
1209	2023-04-23	16.1	10.7	22.1	0.0	0.0
1210	2023-04-24	15.8	11.5	21.3	0.0	0.0
1211	2023-04-25	10.9	9.0	13.2	13.25	0.4
1212	2023-04-26	10.2	7.4	13.5	0.58	0.0
1213	2023-04-27	12.9	5.1	20.0	0.0	0.0
1214	2023-04-28	15.7	9.0	21.3	2.83	1.9
1215	2023-04-29	13.2	9.9	15.8	13.83	25.1
1216	2023-04-30	12.7	7.9	17.9	2.92	0.1
1217	2023-05-01	14.6	9.8	20.8	0.0	0.0
1218	2023-05-02	16.7	9.1	23.7	0.0	0.0
1219	2023-05-03	19.5	12.4	26.2	0.0	0.0
1220	2023-05-04	21.4	15.6	25.8	0.0	0.0
1221	2023-05-05	18.4	15.5	21.6	22.67	30.2
1222	2023-05-06	12.6	11.7	15.5	16.42	47.5
1223	2023-05-07	14.4	11.1	18.6	0.0	0.0
1224	2023-05-08	15.3	7.9	22.0	0.0	0.0
1225	2023-05-09	17.0	10.0	24.4	0.0	0.0
1226	2023-05-10	18.4	10.7	26.0	0.0	0.0
1227	2023-05-11	19.5	12.8	26.7	0.0	0.0
1228	2023-05-12	18.4	13.1	24.7	0.0	0.0
1229	2023-05-13	17.8	12.6	23.9	0.17	0.0
1230	2023-05-14	18.1	12.9	23.8	0.0	0.0
1231	2023-05-15	20.6	12.8	27.9	0.0	0.0
1232	2023-05-16	24.0	17.2	31.2	0.0	0.0
1233	2023-05-17	23.5	18.6	28.7	0.0	0.0
1234	2023-05-18	21.2	18.8	27.6	0.83	1.3
1235	2023-05-19	22.3	16.7	27.8	0.0	0.0
1236	2023-05-20	21.2	16.6	26.7	0.0	0.0
1237	2023-05-21	17.8	15.3	21.9	5.58	0.2
1238	2023-05-22	20.3	15.9	26.8	0.33	0.0
1239	2023-05-23	20.5	14.1	26.9	0.0	0.0
1240	2023-05-24	20.6	14.8	25.9	0.0	0.0
1241	2023-05-25	21.2	15.7	27.4	0.17	0.0
1242	2023-05-26	21.4	15.8	27.3	2.0	0.5
1243	2023-05-27	19.3	18.6	20.7	15.5	31.8
1244	2023-05-28	19.2	18.4	20.2	24.0	41.8
1245	2023-05-29	23.2	19.0	28.5	7.5	2.3
1246	2023-05-30	24.0	20.5	28.9	0.0	0.0
1247	2023-05-31	22.8	18.8	28.2	0.0	0.0
1248	2023-06-01	22.8	19.7	26.3	0.0	0.0
1249	2023-06-02	20.4	17.9	25.0	0.17	0.0
1250	2023-06-03	22.0	16.6	27.8	0.0	0.0
1251	2023-06-04	22.1	16.9	28.0	0.0	0.0
1252	2023-06-05	21.5	17.6	26.3	0.0	0.0
1253	2023-06-06	20.3	17.3	25.2	0.92	0.0
1254	2023-06-07	21.4	18.9	25.7	1.17	0.0
1255	2023-06-08	20.4	18.3	23.9	5.33	1.9
1256	2023-06-09	23.3	18.3	28.4	3.42	1.2
1257	2023-06-10	23.2	19.6	28.5	1.83	0.8
1258	2023-06-11	22.1	17.9	27.3	5.42	32.2
1259	2023-06-12	22.2	18.4	27.5	1.92	0.0
1260	2023-06-13	22.0	19.2	26.0	0.5	0.0
1261	2023-06-14	20.6	17.5	25.0	2.25	30.6
1262	2023-06-15	22.7	17.7	28.3	0.0	0.0
1263	2023-06-16	23.7	19.1	28.9	0.0	0.0
1264	2023-06-17	24.2	18.9	30.2	0.0	0.0
1265	2023-06-18	25.9	20.8	32.6	0.0	0.0
1266	2023-06-19	28.5	23.3	34.0	0.0	0.0
1267	2023-06-20	24.7	21.4	26.4	6.83	6.4
1268	2023-06-21	20.5	19.2	22.1	14.67	24.9
1269	2023-06-22	22.5	18.9	26.4	0.25	0.0
1270	2023-06-23	24.4	20.0	29.9	0.0	0.0
1271	2023-06-24	26.4	21.9	31.1	0.0	0.0
1272	2023-06-25	28.2	22.8	33.1	0.0	0.0
1273	2023-06-26	24.2	22.3	27.5	13.25	30.3
1274	2023-06-27	25.3	21.4	29.1	2.5	2.5
1275	2023-06-28	26.5	24.2	30.1	0.5	0.0
1276	2023-06-29	24.2	23.2	25.9	17.83	63.8
1277	2023-06-30	25.3	23.2	29.1	11.92	1.0
1278	2023-07-01	27.7	23.3	32.9	0.0	0.0
1279	2023-07-02	26.7	23.5	30.6	0.0	0.0
1280	2023-07-03	29.1	24.1	34.9	0.0	0.0
1281	2023-07-04	26.1	24.5	29.2	10.5	61.8
1282	2023-07-05	24.5	22.1	27.1	6.08	15.3
1283	2023-07-06	27.3	22.4	31.8	0.0	0.0
1284	2023-07-07	26.7	23.3	31.4	0.0	0.0
1285	2023-07-08	25.6	22.4	29.7	0.0	0.0
1286	2023-07-09	24.7	21.6	27.0	7.17	47.5
1287	2023-07-10	26.3	22.9	30.9	0.67	11.5
1288	2023-07-11	23.5	21.6	25.9	11.83	58.3
1289	2023-07-12	25.8	22.0	29.1	5.17	0.7
1290	2023-07-13	25.2	24.7	26.5	20.67	91.6
1291	2023-07-14	24.6	23.9	25.1	24.0	72.7
1292	2023-07-15	24.5	23.7	25.7	14.25	2.3
1293	2023-07-16	24.6	23.7	25.4	2.92	9.7
1294	2023-07-17	25.5	23.7	27.8	3.75	1.4
1295	2023-07-18	25.2	24.1	27.7	12.67	2.3
1296	2023-07-19	27.2	22.5	32.4	0.0	0.0
1297	2023-07-20	27.9	24.0	32.8	0.0	0.0
1298	2023-07-21	29.5	24.6	34.3	0.0	0.0
1299	2023-07-22	27.7	24.6	32.5	7.08	12.3
1300	2023-07-23	25.2	24.5	25.8	19.0	40.2
1301	2023-07-24	26.9	24.6	30.0	2.08	0.4
1302	2023-07-25	27.8	25.8	30.5	1.75	5.6
1303	2023-07-26	27.6	24.9	31.1	2.67	1.0
1304	2023-07-27	28.4	24.4	32.2	0.25	0.0
1305	2023-07-28	29.5	25.4	34.1	0.0	0.0
1306	2023-07-29	29.1	26.1	33.3	0.0	0.0
1307	2023-07-30	28.8	24.9	34.9	3.17	25.0
1308	2023-07-31	28.7	25.6	33.4	0.67	0.3
1309	2023-08-01	29.9	25.5	34.2	0.0	0.0
1310	2023-08-02	29.7	26.8	33.7	0.0	0.0
1311	2023-08-03	29.5	25.8	33.8	0.0	0.0
1312	2023-08-04	30.0	26.5	34.4	0.0	0.0
1313	2023-08-05	30.3	26.4	34.9	0.0	0.0
1314	2023-08-06	29.8	27.0	33.0	1.58	4.9
1315	2023-08-07	30.4	27.3	34.6	0.0	0.0
1316	2023-08-08	30.9	26.4	35.8	0.0	0.0
1317	2023-08-09	28.3	25.1	31.6	1.58	0.2
1318	2023-08-10	22.2	20.9	25.1	24.0	86.1
1319	2023-08-11	23.5	21.6	24.9	21.5	46.7
1320	2023-08-12	23.3	22.5	24.1	14.42	1.5
1321	2023-08-13	27.0	22.6	31.1	0.0	0.0
1322	2023-08-14	28.1	24.8	31.9	0.0	0.0
1323	2023-08-15	28.6	24.7	32.7	0.0	0.0
1324	2023-08-16	27.3	24.7	31.6	0.92	0.3
1325	2023-08-17	28.2	24.5	32.4	0.0	0.0
1326	2023-08-18	29.1	25.5	33.3	0.67	0.1
1327	2023-08-19	29.1	26.4	33.6	0.0	0.0
1328	2023-08-20	28.3	25.5	31.8	1.83	0.0
1329	2023-08-21	29.5	26.0	33.6	1.17	0.0
1330	2023-08-22	27.6	25.8	32.2	7.75	42.6
1331	2023-08-23	24.8	23.2	27.2	17.58	41.8
1332	2023-08-24	25.1	22.3	27.8	4.33	5.2
1333	2023-08-25	26.5	24.0	30.0	0.17	0.0
1334	2023-08-26	26.4	23.3	30.3	0.0	0.0
1335	2023-08-27	26.1	22.7	29.6	5.67	0.0
1336	2023-08-28	22.7	20.8	25.6	20.67	10.4
1337	2023-08-29	23.9	22.5	25.5	16.92	54.8
1338	2023-08-30	22.8	21.5	24.5	10.42	3.5
1339	2023-08-31	23.9	21.0	28.9	0.0	0.0
1340	2023-09-01	24.5	19.7	29.6	0.0	0.0
1341	2023-09-02	25.4	19.7	30.8	0.0	0.0
1342	2023-09-03	25.8	23.1	28.8	2.75	0.1
1343	2023-09-04	27.0	24.3	30.2	2.5	0.3
1344	2023-09-05	28.5	25.0	32.8	0.17	0.0
1345	2023-09-06	27.9	24.0	32.1	0.0	0.0
1346	2023-09-07	26.3	20.9	31.6	0.0	0.0
1347	2023-09-08	25.3	19.6	30.5	0.0	0.0
1348	2023-09-09	25.8	20.8	31.2	0.0	0.0
1349	2023-09-10	25.7	22.0	29.6	0.0	0.0
1350	2023-09-11	25.5	23.1	29.8	0.0	0.0
1351	2023-09-12	25.7	21.7	29.8	0.0	0.0
1352	2023-09-13	22.1	19.6	24.6	15.75	15.9
1353	2023-09-14	23.4	19.2	27.2	0.0	0.0
1354	2023-09-15	22.3	20.3	24.3	12.17	2.1
1355	2023-09-16	23.9	22.0	26.6	9.75	38.7
1356	2023-09-17	24.7	22.0	28.0	2.08	3.0
1357	2023-09-18	24.7	22.1	28.9	0.0	0.0
1358	2023-09-19	24.1	21.6	27.2	0.0	0.0
1359	2023-09-20	20.6	18.8	23.9	18.83	35.8
1360	2023-09-21	20.1	17.5	23.6	0.83	0.0
1361	2023-09-22	20.5	15.2	26.7	0.0	0.0
1362	2023-09-23	21.8	16.3	27.6	0.0	0.0
1363	2023-09-24	21.8	17.9	26.2	0.0	0.0
1364	2023-09-25	21.6	17.9	26.0	8.08	1.9
1365	2023-09-26	19.9	18.6	20.8	24.0	27.8
1366	2023-09-27	21.5	20.0	23.7	11.75	4.4
1367	2023-09-28	22.7	19.6	27.3	0.0	0.0
1368	2023-09-29	21.1	17.4	26.9	0.0	0.0
1369	2023-09-30	19.7	17.1	22.2	6.83	4.5
1370	2023-10-01	18.4	14.4	23.7	0.0	0.0
1371	2023-10-02	18.2	12.9	24.6	0.0	0.0
1372	2023-10-03	17.5	14.4	22.5	0.0	0.0
1373	2023-10-04	17.3	14.2	23.2	2.83	14.7
1374	2023-10-05	14.2	9.9	19.2	0.0	0.0
1375	2023-10-06	15.5	9.6	21.5	0.0	0.0
1376	2023-10-07	16.8	11.7	21.2	0.0	0.0
1377	2023-10-08	17.1	15.2	19.5	2.08	0.0
1378	2023-10-09	17.4	14.1	22.4	4.92	1.2
1379	2023-10-10	17.1	11.9	23.5	0.0	0.0
1380	2023-10-11	17.6	12.9	24.0	0.0	0.0
1381	2023-10-12	17.5	12.0	24.1	0.0	0.0
1382	2023-10-13	17.5	14.3	21.5	0.0	0.0
1383	2023-10-14	14.7	12.9	18.2	6.25	5.8
1384	2023-10-15	16.1	10.9	21.2	0.0	0.0
1385	2023-10-16	14.7	10.7	19.6	0.0	0.0
1386	2023-10-17	13.8	7.5	20.9	0.0	0.0
1387	2023-10-18	15.7	9.2	21.6	0.0	0.0
1388	2023-10-19	17.0	14.9	18.9	4.5	8.2
1389	2023-10-20	11.6	7.2	15.1	0.0	0.0
1390	2023-10-21	10.4	5.9	16.6	1.17	1.1
1391	2023-10-22	12.5	5.4	18.7	0.0	0.0
1392	2023-10-23	15.2	11.1	21.4	0.0	0.0
1393	2023-10-24	15.6	11.2	19.3	0.0	0.0
1394	2023-10-25	16.6	12.7	21.9	0.0	0.0
1395	2023-10-26	17.2	14.6	21.1	2.75	0.0
1396	2023-10-27	15.7	12.6	20.2	0.0	0.0
1397	2023-10-28	14.2	9.4	20.7	0.0	0.0
1398	2023-10-29	14.9	9.8	21.8	0.0	0.0
1399	2023-10-30	15.1	9.7	21.9	0.0	0.0
1400	2023-10-31	16.5	12.7	20.8	0.0	0.0
1401	2023-11-01	19.0	17.2	20.6	0.83	0.0
1402	2023-11-02	20.8	18.7	25.9	0.0	0.0
1403	2023-11-03	19.5	17.7	22.4	2.75	8.5
1404	2023-11-04	17.4	14.1	20.9	0.0	0.0
1405	2023-11-05	17.3	15.1	20.4	13.17	10.4
1406	2023-11-06	13.3	6.6	19.3	20.25	45.8
1407	2023-11-07	5.8	3.6	9.9	0.25	0.0
1408	2023-11-08	8.4	1.8	16.1	0.0	0.0
1409	2023-11-09	11.4	5.9	18.4	2.08	5.1
1410	2023-11-10	3.4	0.5	9.1	0.0	0.0
1411	2023-11-11	1.7	-1.9	6.7	0.0	0.0
1412	2023-11-12	1.2	-2.0	5.7	0.0	0.0
1413	2023-11-13	2.0	-2.2	6.7	0.0	0.0
1414	2023-11-14	5.0	-0.8	10.8	0.0	0.0
1415	2023-11-15	7.0	2.0	12.5	0.0	0.0
1416	2023-11-16	6.6	5.7	7.4	11.25	8.4
1417	2023-11-17	1.6	-1.9	5.9	1.92	0.0
1418	2023-11-18	0.6	-3.8	5.7	0.0	0.0
1419	2023-11-19	5.9	-0.3	13.4	0.0	0.0
1420	2023-11-20	6.2	1.8	12.8	0.0	0.0
1421	2023-11-21	7.4	1.4	14.8	0.0	0.0
1422	2023-11-22	9.5	2.9	15.1	0.0	0.0
1423	2023-11-23	9.9	1.9	14.6	2.75	0.1
1424	2023-11-24	-1.5	-4.4	2.2	0.0	0.0
1425	2023-11-25	-1.3	-5.9	4.0	0.0	0.0
1426	2023-11-26	4.0	-0.1	7.2	1.67	0.0
1427	2023-11-27	6.2	4.4	9.3	12.83	3.6
1428	2023-11-28	1.3	-1.2	5.2	0.33	0.0
1429	2023-11-29	-1.4	-4.0	3.0	2.33	0.0
1430	2023-11-30	-4.3	-7.3	-0.5	0.0	0.0
1431	2023-12-01	-3.2	-6.8	0.7	0.0	0.0
1432	2023-12-02	2.0	-4.4	8.0	1.47	0.0
1433	2023-12-03	0.8	-2.8	6.0	0.0	0.0
1434	2023-12-04	2.7	-3.0	9.4	0.0	0.0
1435	2023-12-05	6.8	3.8	12.6	0.0	0.0
1436	2023-12-06	6.1	3.9	8.7	2.33	3.8
1437	2023-12-07	6.6	0.8	11.4	0.0	0.0
1438	2023-12-08	11.2	5.1	16.8	0.0	0.0
1439	2023-12-09	13.7	11.7	16.2	0.0	0.0
1440	2023-12-10	11.4	6.7	15.5	0.08	0.0
1441	2023-12-11	8.9	5.0	12.3	24.0	11.4
1442	2023-12-12	5.4	3.5	9.3	4.75	0.4
1443	2023-12-13	6.8	2.6	10.3	0.0	0.0
1444	2023-12-14	7.6	6.2	9.1	17.17	17.0
1445	2023-12-15	4.9	3.7	6.2	21.0	31.1
1446	2023-12-16	-4.1	-9.9	3.8	13.08	1.5
1447	2023-12-17	-9.8	-12.4	-6.4	0.0	0.0
1448	2023-12-18	-7.7	-12.2	-3.6	0.0	0.0
1449	2023-12-19	-3.7	-8.2	0.2	10.08	0.3
1450	2023-12-20	-7.4	-11.9	-2.1	2.5	0.8
1451	2023-12-21	-11.7	-14.4	-8.0	0.0	0.0
1452	2023-12-22	-11.6	-14.7	-8.0	0.0	0.0
1453	2023-12-23	-6.8	-12.7	-0.9	0.0	0.0
1454	2023-12-24	-2.2	-5.6	3.0	7.42	1.1
1455	2023-12-25	-0.7	-2.7	2.1	11.33	0.7
1456	2023-12-26	1.9	-2.6	7.2	0.0	0.0
1457	2023-12-27	1.5	-2.8	6.8	0.0	0.0
1458	2023-12-28	1.2	-1.7	4.4	0.0	0.0
1459	2023-12-29	1.3	-1.5	4.6	0.0	0.0
1460	2023-12-30	0.6	-0.9	2.1	16.67	13.1
1461	2023-12-31	2.1	0.6	4.3	9.83	4.7
1462	2024-01-01	3.3	-0.3	7.3	2.92	0.0
1463	2024-01-02	2.9	2.2	4.3	1.58	0.0
1464	2024-01-03	1.8	-1.1	4.0	6.25	0.6
1465	2024-01-04	1.4	-3.3	4.7	0.0	0.0
1466	2024-01-05	5.0	1.4	9.1	0.42	0.0
1467	2024-01-06	0.7	-2.7	5.2	3.08	2.4
1468	2024-01-07	-4.4	-8.3	-0.9	0.0	0.0
1469	2024-01-08	-4.7	-10.3	0.0	0.0	0.0
1470	2024-01-09	-0.6	-1.9	0.4	13.17	1.6
1471	2024-01-10	-1.0	-4.1	3.3	0.0	0.0
1472	2024-01-11	1.7	-2.4	4.5	0.0	0.0
1473	2024-01-12	0.9	-1.4	4.2	0.0	0.0
1474	2024-01-13	0.4	-3.8	6.4	0.0	0.0
1475	2024-01-14	-0.6	-3.3	2.4	3.67	3.1
1476	2024-01-15	-3.7	-6.9	0.9	0.0	0.0
1477	2024-01-16	-2.1	-7.2	4.3	0.0	0.0
1478	2024-01-17	0.6	-2.3	1.9	13.17	9.7
1479	2024-01-18	4.5	1.4	9.4	2.58	0.5
1480	2024-01-19	5.4	4.0	9.0	0.0	0.0
1481	2024-01-20	3.4	1.9	4.9	11.17	0.4
1482	2024-01-21	1.7	-2.4	4.3	8.58	0.4
1483	2024-01-22	-8.7	-11.9	-2.4	8.83	0.2
1484	2024-01-23	-11.7	-14.0	-8.2	0.0	0.0
1485	2024-01-24	-8.0	-11.2	-3.7	0.0	0.0
1486	2024-01-25	-5.3	-9.7	-0.5	0.0	0.0
1487	2024-01-26	-1.7	-6.9	4.0	0.0	0.0
1488	2024-01-27	-0.5	-4.6	4.6	0.0	0.0
1489	2024-01-28	-1.5	-5.0	3.8	0.0	0.0
1490	2024-01-29	-0.4	-4.8	4.6	0.0	0.0
1491	2024-01-30	1.4	-4.0	8.1	0.0	0.0
1492	2024-01-31	4.7	0.7	10.6	0.0	0.0
1493	2024-02-01	2.4	-1.3	8.2	0.0	0.0
1494	2024-02-02	3.1	0.7	7.9	0.0	0.0
1495	2024-02-03	4.7	-0.2	8.3	1.83	0.0
1496	2024-02-04	7.3	3.7	12.2	0.0	0.0
1497	2024-02-05	2.7	0.1	6.6	21.0	3.9
1498	2024-02-06	1.2	0.0	2.9	7.83	0.2
1499	2024-02-07	0.6	-0.9	2.7	3.25	0.0
1500	2024-02-08	0.6	-3.0	6.2	0.0	0.0
1501	2024-02-09	1.1	-2.5	6.1	0.0	0.0
1502	2024-02-10	1.7	-1.5	7.4	0.0	0.0
1503	2024-02-11	1.0	-3.1	5.5	1.5	0.0
1504	2024-02-12	3.5	-2.9	10.5	0.0	0.0
1505	2024-02-13	8.2	2.0	13.7	0.0	0.0
1506	2024-02-14	12.9	8.8	18.3	0.0	0.0
1507	2024-02-15	4.5	0.6	11.6	13.33	10.9
1508	2024-02-16	2.3	-1.5	8.1	0.0	0.0
1509	2024-02-17	4.4	-1.2	11.7	0.0	0.0
1510	2024-02-18	6.2	1.2	9.4	10.08	17.1
1511	2024-02-19	9.1	4.2	11.9	19.5	8.9
1512	2024-02-20	4.3	2.8	6.8	10.08	2.6
1513	2024-02-21	1.9	0.0	4.0	24.0	17.8
1514	2024-02-22	0.2	-1.1	1.6	17.17	8.8
1515	2024-02-23	1.8	-1.0	6.1	3.83	0.4
1516	2024-02-24	2.0	-1.3	5.9	6.75	2.3
1517	2024-02-25	2.8	0.8	5.9	10.42	1.8
1518	2024-02-26	3.8	-1.2	9.7	0.0	0.0
1519	2024-02-27	5.3	1.2	9.8	0.0	0.0
1520	2024-02-28	6.4	3.2	10.1	0.0	0.0
1521	2024-02-29	4.8	0.3	9.6	0.0	0.0
1522	2024-03-01	-4.1	-7.1	0.3	0.0	0.0
1523	2024-03-02	-0.5	-8.1	4.1	2.0	0.0
1524	2024-03-03	4.0	0.4	7.8	0.0	0.0
1525	2024-03-04	5.4	-1.8	11.7	0.0	0.0
1526	2024-03-05	8.0	5.5	11.0	0.0	0.0
1527	2024-03-06	6.2	2.5	10.3	0.0	0.0
1528	2024-03-07	3.9	1.2	8.2	3.83	2.1
1529	2024-03-08	2.1	-0.7	6.5	0.0	0.0
1530	2024-03-09	2.0	-2.1	7.1	0.0	0.0
1531	2024-03-10	4.2	-1.8	10.6	0.0	0.0
1532	2024-03-11	6.2	2.0	10.8	0.0	0.0
1533	2024-03-12	6.6	4.4	10.0	5.88	2.1
1534	2024-03-13	6.5	1.3	12.0	0.0	0.0
1535	2024-03-14	8.5	3.4	15.4	0.0	0.0
1536	2024-03-15	8.9	4.0	14.5	0.0	0.0
1537	2024-03-16	10.9	4.4	18.3	0.0	0.0
1538	2024-03-17	8.8	5.4	12.2	0.75	0.1
1539	2024-03-18	7.1	1.4	13.2	0.0	0.0
1540	2024-03-19	6.7	3.9	9.8	1.5	0.2
1541	2024-03-20	4.4	1.2	8.7	0.0	0.0
1542	2024-03-21	5.0	-1.2	11.5	0.0	0.0
1543	2024-03-22	10.4	3.8	15.2	7.25	5.4
1544	2024-03-23	13.0	9.3	18.2	2.75	0.1
1545	2024-03-24	16.2	10.5	23.4	0.0	0.0
1546	2024-03-25	10.6	6.7	14.5	11.08	5.1
1547	2024-03-26	7.4	3.2	12.4	10.42	11.5
1548	2024-03-27	10.4	4.4	16.2	0.0	0.0
1549	2024-03-28	10.3	7.8	12.2	10.83	1.9
1550	2024-03-29	7.6	5.0	12.3	4.75	1.4
1551	2024-03-30	8.8	3.0	15.6	0.0	0.0
1552	2024-03-31	10.6	3.4	17.7	0.0	0.0
1553	2024-04-01	12.2	5.5	19.0	0.0	0.0
1554	2024-04-02	15.4	7.0	23.9	0.0	0.0
1555	2024-04-03	16.6	13.9	19.7	0.25	0.0
1556	2024-04-04	15.5	12.4	20.3	0.0	0.0
1557	2024-04-05	14.0	10.2	18.8	0.0	0.0
1558	2024-04-06	12.7	8.0	18.9	0.0	0.0
1559	2024-04-07	14.8	7.7	23.4	0.0	0.0
1560	2024-04-08	16.2	11.0	22.8	0.0	0.0
1561	2024-04-09	15.3	10.6	20.8	0.0	0.0
1562	2024-04-10	13.8	10.2	18.5	0.0	0.0
1563	2024-04-11	15.5	11.7	21.1	0.83	0.0
1564	2024-04-12	17.2	12.0	24.2	0.0	0.0
1565	2024-04-13	19.1	11.2	27.3	0.0	0.0
1566	2024-04-14	20.8	13.6	29.4	0.0	0.0
1567	2024-04-15	16.0	11.7	20.0	12.17	17.1
1568	2024-04-16	13.3	11.5	17.9	6.08	2.3
1569	2024-04-17	15.0	9.7	21.8	0.0	0.0
1570	2024-04-18	17.3	10.7	24.9	0.0	0.0
1571	2024-04-19	17.6	11.5	24.3	0.0	0.0
1572	2024-04-20	14.9	13.0	17.2	14.0	4.8
1573	2024-04-21	17.2	13.3	21.7	0.0	0.0
1574	2024-04-22	18.8	15.0	24.1	0.0	0.0
1575	2024-04-23	17.3	13.2	24.2	3.33	0.0
1576	2024-04-24	13.2	11.0	16.5	7.0	9.0
1577	2024-04-25	14.4	10.3	20.8	0.0	0.0
1578	2024-04-26	17.8	11.4	26.0	0.0	0.0
1579	2024-04-27	18.2	11.5	26.2	0.0	0.0
1580	2024-04-28	20.7	13.0	28.9	0.0	0.0
1581	2024-04-29	20.9	16.9	26.1	0.0	0.0
1582	2024-04-30	18.6	16.0	22.5	0.0	0.0
1583	2024-05-01	18.5	13.9	24.0	0.0	0.0
1584	2024-05-02	18.1	12.4	23.7	0.0	0.0
1585	2024-05-03	19.7	12.2	27.9	0.0	0.0
1586	2024-05-04	21.4	14.6	28.5	0.17	0.0
1587	2024-05-05	17.8	15.7	20.6	20.08	48.3
1588	2024-05-06	13.9	13.4	15.7	20.17	12.3
1589	2024-05-07	13.3	12.2	15.0	16.17	2.4
1590	2024-05-08	14.7	9.0	21.4	0.0	0.0
1591	2024-05-09	16.1	10.9	21.8	0.0	0.0
1592	2024-05-10	17.9	12.5	23.8	0.0	0.0
1593	2024-05-11	17.0	14.0	22.0	9.0	31.7
1594	2024-05-12	16.6	11.9	21.6	0.0	0.0
1595	2024-05-13	18.3	11.9	24.5	0.0	0.0
1596	2024-05-14	18.8	12.7	24.7	0.0	0.0
1597	2024-05-15	12.6	7.2	18.8	10.5	20.6
1598	2024-05-16	13.7	6.9	19.8	1.75	0.1
1599	2024-05-17	18.3	10.8	24.9	0.0	0.0
1600	2024-05-18	20.7	16.0	26.5	0.0	0.0
1601	2024-05-19	21.5	15.9	27.9	0.0	0.0
1602	2024-05-20	19.4	16.8	22.8	0.0	0.0
1603	2024-05-21	21.7	16.3	28.3	0.0	0.0
1604	2024-05-22	20.5	16.4	25.5	0.0	0.0
1605	2024-05-23	20.2	15.8	26.4	0.0	0.0
1606	2024-05-24	20.1	15.7	24.7	0.0	0.0
1607	2024-05-25	21.4	18.7	24.7	0.0	0.0
1608	2024-05-26	19.9	17.0	23.7	8.33	8.7
1609	2024-05-27	18.5	14.1	22.6	0.0	0.0
1610	2024-05-28	20.4	14.3	26.1	0.0	0.0
1611	2024-05-29	21.2	15.4	26.8	0.0	0.0
1612	2024-05-30	20.7	16.2	24.6	0.0	0.0
1613	2024-05-31	20.4	16.9	25.4	1.75	1.0
1614	2024-06-01	20.7	17.5	25.2	0.67	0.0
1615	2024-06-02	20.4	15.7	25.8	0.0	0.0
1616	2024-06-03	22.2	15.7	28.7	0.0	0.0
1617	2024-06-04	22.8	16.3	29.3	0.0	0.0
1618	2024-06-05	23.6	18.1	30.1	0.0	0.0
1619	2024-06-06	24.1	19.3	31.4	0.0	0.0
1620	2024-06-07	23.1	18.3	28.0	4.17	0.8
1621	2024-06-08	20.3	17.9	25.0	11.5	16.9
1622	2024-06-09	22.9	17.4	28.8	0.0	0.0
1623	2024-06-10	24.7	19.0	31.1	0.0	0.0
1624	2024-06-11	25.4	21.7	31.6	0.0	0.0
1625	2024-06-12	24.8	19.2	31.8	0.0	0.0
1626	2024-06-13	26.4	20.0	32.8	0.0	0.0
1627	2024-06-14	26.3	21.4	33.0	0.0	0.0
1628	2024-06-15	24.2	21.8	28.2	6.0	6.1
1629	2024-06-16	24.3	19.9	29.5	0.0	0.0
1630	2024-06-17	24.8	18.9	30.2	0.0	0.0
1631	2024-06-18	26.0	20.4	32.9	0.0	0.0
1632	2024-06-19	28.8	21.4	35.8	0.0	0.0
1633	2024-06-20	29.4	23.4	35.4	0.0	0.0
1634	2024-06-21	28.1	22.9	33.9	0.0	0.0
1635	2024-06-22	24.2	22.6	26.1	13.67	16.5
1636	2024-06-23	25.1	22.5	30.1	8.42	5.1
1637	2024-06-24	24.3	21.2	27.9	0.33	0.0
1638	2024-06-25	22.9	19.1	27.2	0.0	0.0
1639	2024-06-26	24.9	18.9	31.6	0.0	0.0
1640	2024-06-27	26.3	20.6	31.6	0.0	0.0
1641	2024-06-28	26.6	21.3	32.5	0.0	0.0
1642	2024-06-29	26.7	21.6	32.3	5.42	38.3
1643	2024-06-30	23.5	22.0	24.9	7.08	32.2
1644	2024-07-01	26.3	22.0	31.3	0.0	0.0
1645	2024-07-02	23.2	21.9	25.2	17.25	65.1
1646	2024-07-03	24.7	23.6	25.9	3.67	0.8
1647	2024-07-04	26.8	23.2	30.6	3.13	3.6
1648	2024-07-05	23.4	21.3	26.1	6.92	4.1
1649	2024-07-06	25.1	22.1	30.0	5.92	2.8
1650	2024-07-07	24.4	21.5	28.2	5.17	28.7
1651	2024-07-08	23.8	23.1	24.5	17.83	21.1
1652	2024-07-09	24.5	22.7	26.7	6.17	0.3
1653	2024-07-10	26.6	22.7	31.1	3.92	1.4
1654	2024-07-11	25.7	23.3	28.9	0.0	0.0
1655	2024-07-12	25.6	21.8	30.2	0.0	0.0
1656	2024-07-13	28.1	23.5	33.3	0.5	0.0
1657	2024-07-14	28.4	24.9	32.1	0.47	0.4
1658	2024-07-15	28.4	24.5	31.3	0.17	0.0
1659	2024-07-16	27.0	24.6	30.7	9.93	17.0
1660	2024-07-17	25.4	24.1	28.1	18.58	98.8
1661	2024-07-18	24.3	23.1	25.6	17.92	128.8
1662	2024-07-19	27.0	24.2	30.8	3.83	0.1
1663	2024-07-20	27.2	25.1	30.6	4.42	14.9
1664	2024-07-21	26.5	22.5	29.8	8.47	8.5
1665	2024-07-22	26.6	24.3	27.9	10.33	79.9
1666	2024-07-23	26.4	25.8	27.3	6.33	2.0
1667	2024-07-24	28.1	26.0	30.9	6.25	14.7
1668	2024-07-25	28.8	25.4	32.2	2.67	25.3
1669	2024-07-26	28.7	25.2	32.7	3.0	5.5
1670	2024-07-27	28.9	27.5	31.7	4.92	33.5
1671	2024-07-28	29.2	27.3	32.2	0.33	0.0
1672	2024-07-29	27.4	26.8	27.8	5.5	0.0
1673	2024-07-30	28.6	26.3	31.9	0.0	0.0
1674	2024-07-31	29.4	27.0	33.3	0.0	0.0
1675	2024-08-01	29.9	27.3	33.2	1.42	0.3
1676	2024-08-02	29.6	28.2	32.5	0.0	0.0
1677	2024-08-03	30.2	27.2	34.2	0.0	0.0
1678	2024-08-04	31.8	27.3	36.2	0.0	0.0
1679	2024-08-05	30.0	26.9	33.7	3.53	1.3
1680	2024-08-06	29.5	25.6	33.5	0.75	0.0
1681	2024-08-07	29.6	27.2	33.4	1.33	3.4
1682	2024-08-08	28.5	26.9	31.6	1.83	0.0
1683	2024-08-09	29.3	25.6	33.6	0.0	0.0
1684	2024-08-10	30.0	26.4	33.6	0.0	0.0
1685	2024-08-11	30.8	27.8	34.4	0.0	0.0
1686	2024-08-12	31.1	28.2	34.1	0.0	0.0
1687	2024-08-13	31.3	28.1	36.4	2.08	0.0
1688	2024-08-14	30.0	27.3	34.9	1.75	3.0
1689	2024-08-15	29.2	26.7	34.6	3.25	6.4
1690	2024-08-16	29.8	26.8	34.3	0.25	0.0
1691	2024-08-17	29.8	27.2	34.0	1.5	11.0
1692	2024-08-18	29.5	27.0	33.9	1.08	0.0
1693	2024-08-19	29.7	26.3	35.3	0.92	2.3
1694	2024-08-20	31.4	27.0	35.4	0.25	0.0
1695	2024-08-21	28.4	26.9	30.8	12.75	42.2
1696	2024-08-22	28.6	27.1	30.3	4.42	0.6
1697	2024-08-23	28.4	26.4	31.8	0.5	0.0
1698	2024-08-24	27.6	25.1	30.9	3.42	2.0
1699	2024-08-25	28.5	24.9	32.7	0.0	0.0
1700	2024-08-26	28.1	25.6	30.6	0.25	0.0
1701	2024-08-27	26.5	24.6	30.3	5.58	0.3
1702	2024-08-28	28.2	23.0	33.2	0.0	0.0
1703	2024-08-29	28.4	23.4	33.5	0.0	0.0
1704	2024-08-30	28.0	23.7	32.9	0.0	0.0
1705	2024-08-31	27.6	22.6	33.0	0.0	0.0
1706	2024-09-01	27.1	24.6	31.6	0.0	0.0
1707	2024-09-02	24.5	22.2	26.9	5.42	2.7
1708	2024-09-03	27.0	23.2	32.0	0.0	0.0
1709	2024-09-04	27.9	23.2	33.3	0.0	0.0
1710	2024-09-05	26.3	25.6	28.8	4.42	6.9
1711	2024-09-06	24.0	23.3	25.7	9.75	0.7
1712	2024-09-07	26.5	22.8	31.3	0.42	0.0
1713	2024-09-08	27.2	22.6	32.8	0.0	0.0
1714	2024-09-09	28.5	24.1	34.1	0.0	0.0
1715	2024-09-10	29.4	25.6	33.9	0.0	0.0
1716	2024-09-11	29.0	25.4	34.6	2.25	0.4
1717	2024-09-12	25.4	24.8	27.1	18.83	32.7
1718	2024-09-13	25.9	24.2	28.0	18.67	7.6
1719	2024-09-14	28.0	25.2	32.2	0.33	0.0
1720	2024-09-15	27.5	24.2	32.4	0.0	0.0
1721	2024-09-16	26.8	21.3	32.2	3.0	9.5
1722	2024-09-17	28.6	25.8	33.2	0.0	0.0
1723	2024-09-18	29.4	26.5	33.6	0.5	0.7
1724	2024-09-19	29.1	25.6	32.6	0.0	0.0
1725	2024-09-20	25.0	17.9	28.6	15.33	54.5
1726	2024-09-21	19.3	17.1	21.9	8.83	27.0
1727	2024-09-22	21.0	16.9	26.7	0.0	0.0
1728	2024-09-23	20.8	16.6	26.1	0.0	0.0
1729	2024-09-24	21.0	15.6	26.9	0.0	0.0
1730	2024-09-25	23.3	18.6	27.3	0.5	0.0
1731	2024-09-26	23.6	21.1	28.0	3.58	1.2
1732	2024-09-27	22.7	19.1	28.0	0.0	0.0
1733	2024-09-28	23.2	19.2	27.9	0.0	0.0
1734	2024-09-29	23.5	19.1	29.0	0.0	0.0
1735	2024-09-30	23.0	18.3	28.5	0.0	0.0
1736	2024-10-01	18.3	13.3	21.7	4.5	2.5
1737	2024-10-02	14.9	11.6	19.9	0.0	0.0
1738	2024-10-03	16.4	10.8	22.5	0.0	0.0
1739	2024-10-04	17.6	11.9	24.2	0.0	0.0
1740	2024-10-05	17.5	11.6	24.4	0.0	0.0
1741	2024-10-06	15.4	12.3	17.9	2.67	0.0
1742	2024-10-07	16.9	14.0	20.7	0.0	0.0
1743	2024-10-08	17.7	12.7	23.9	0.0	0.0
1744	2024-10-09	18.8	13.9	24.4	0.0	0.0
1745	2024-10-10	18.8	15.3	24.1	0.17	0.0
1746	2024-10-11	18.6	13.9	24.4	0.0	0.0
1747	2024-10-12	18.3	13.4	24.7	0.0	0.0
1748	2024-10-13	18.3	12.6	22.6	0.0	0.0
1749	2024-10-14	19.3	17.6	21.5	1.5	0.0
1750	2024-10-15	19.2	17.6	21.9	5.58	0.5
1751	2024-10-16	18.2	14.4	24.2	0.0	0.0
1752	2024-10-17	19.0	13.8	25.7	0.0	0.0
1753	2024-10-18	17.4	16.2	18.8	11.33	47.1
1754	2024-10-19	16.6	12.4	21.1	2.08	1.0
1755	2024-10-20	13.4	10.5	17.8	0.0	0.0
1756	2024-10-21	14.8	9.7	19.3	2.33	0.0
1757	2024-10-22	15.5	14.9	16.6	21.5	20.6
1758	2024-10-23	12.7	9.4	15.5	5.5	2.3
1759	2024-10-24	12.5	7.1	18.4	0.0	0.0
1760	2024-10-25	14.9	8.7	21.5	0.0	0.0
1761	2024-10-26	17.0	10.7	24.0	0.0	0.0
1762	2024-10-27	16.0	14.0	18.8	0.58	0.0
1763	2024-10-28	15.7	12.3	20.4	0.13	0.0
1764	2024-10-29	15.0	13.4	18.3	1.0	0.0
1765	2024-10-30	15.7	11.4	21.4	0.0	0.0
1766	2024-10-31	15.9	11.0	22.6	0.0	0.0
1767	2024-11-01	15.3	12.9	18.7	0.0	0.0
1768	2024-11-02	18.1	13.0	25.1	0.0	0.0
1769	2024-11-03	17.6	13.0	23.5	0.15	0.0
1770	2024-11-04	14.8	8.9	18.3	0.5	0.1
1771	2024-11-05	9.1	5.6	14.7	0.0	0.0
1772	2024-11-06	7.5	4.1	12.5	0.0	0.0
1773	2024-11-07	7.8	1.6	15.7	0.0	0.0
1774	2024-11-08	10.2	3.1	18.1	0.0	0.0
1775	2024-11-09	12.9	6.8	20.3	0.0	0.0
1776	2024-11-10	14.4	10.3	21.0	0.0	0.0
1777	2024-11-11	14.6	9.7	21.8	0.0	0.0
1778	2024-11-12	14.3	11.0	19.2	0.0	0.0
1779	2024-11-13	14.2	8.3	21.3	0.0	0.0
1780	2024-11-14	14.8	13.2	16.8	4.0	0.1
1781	2024-11-15	17.0	13.7	21.5	0.75	0.0
1782	2024-11-16	17.0	14.4	22.6	5.92	6.5
1783	2024-11-17	7.0	2.1	14.4	0.0	0.0
1784	2024-11-18	2.8	-0.7	7.9	0.0	0.0
1785	2024-11-19	5.7	0.3	11.3	0.0	0.0
1786	2024-11-20	6.5	2.4	9.6	0.0	0.0
1787	2024-11-21	9.7	6.0	14.1	1.83	0.0
1788	2024-11-22	6.2	3.3	10.6	0.0	0.0
1789	2024-11-23	6.4	1.5	12.6	0.0	0.0
1790	2024-11-24	7.4	2.6	14.2	0.0	0.0
1791	2024-11-25	10.1	3.6	15.4	0.42	0.0
1792	2024-11-26	5.8	1.0	12.7	21.67	26.0
1793	2024-11-27	-0.4	-1.3	1.2	19.17	22.4
1794	2024-11-28	0.8	-1.7	3.4	8.83	4.9
1795	2024-11-29	0.2	-3.4	3.4	2.58	0.0
1796	2024-11-30	2.5	-0.5	5.6	1.42	0.0
1797	2024-12-01	5.2	1.6	8.2	2.08	0.5
1798	2024-12-02	6.4	0.6	13.0	0.25	0.0
1799	2024-12-03	1.3	-2.4	5.2	1.08	0.0
1800	2024-12-04	3.1	-0.6	6.9	0.5	0.0
1801	2024-12-05	3.9	-0.1	8.8	0.88	1.8
1802	2024-12-06	2.1	-0.4	5.2	0.0	0.0
1803	2024-12-07	0.2	-2.5	4.6	0.0	0.0
1804	2024-12-08	-0.2	-3.9	4.1	0.0	0.0
1805	2024-12-09	1.0	-3.8	7.4	0.0	0.0
1806	2024-12-10	2.6	-1.9	6.9	0.0	0.0
1807	2024-12-11	3.0	0.2	8.2	0.0	0.0
1808	2024-12-12	0.5	-3.2	5.4	0.0	0.0
1809	2024-12-13	1.0	-1.5	4.5	0.0	0.0
1810	2024-12-14	-0.8	-3.6	2.5	0.0	0.0
1811	2024-12-15	1.2	-2.2	5.4	0.33	0.0
1812	2024-12-16	-0.2	-3.3	3.9	4.75	0.0
1813	2024-12-17	-0.8	-3.5	3.8	0.0	0.0
1814	2024-12-18	-3.4	-6.2	0.9	0.0	0.0
1815	2024-12-19	-1.4	-6.7	4.9	0.0	0.0
1816	2024-12-20	1.4	-2.1	5.3	4.07	0.4
1817	2024-12-21	-0.7	-4.7	1.9	6.25	2.9
1818	2024-12-22	-3.4	-7.7	1.0	0.0	0.0
1819	2024-12-23	0.3	-5.0	6.7	0.0	0.0
1820	2024-12-24	-0.4	-4.3	5.1	0.0	0.0
1821	2024-12-25	2.7	-1.1	6.5	0.5	0.1
1822	2024-12-26	0.1	-4.8	4.2	0.25	0.0
1823	2024-12-27	-2.6	-5.9	1.8	2.0	0.0
1824	2024-12-28	-3.0	-6.7	1.1	0.0	0.0
1825	2024-12-29	1.1	-4.2	6.1	0.0	0.0
1826	2024-12-30	5.5	1.9	10.1	0.25	0.0
1827	2024-12-31	0.6	-2.0	4.9	0.33	0.0
